Case #1: 6 3 6 6 7 9 10 
Case #2: -1
Case #3: 6 3 3 5 5 12 13 
Case #4: -1
Case #5: 6 4 5 5 5 6 16 
Case #6: 3 8 8 25 
Case #7: 6 3 5 7 7 9 10 
Case #8: -1
Case #9: 6 2 5 7 8 8 11 
Case #10: 5 1 4 7 13 16 
Case #11: 3 7 12 22 
Case #12: 5 5 6 9 10 11 
Case #13: 6 3 6 6 7 7 12 
Case #14: 5 6 6 8 10 11 
Case #15: 4 3 8 12 18 
Case #16: 8 3 3 3 4 4 6 9 9 
Case #17: 5 6 6 6 10 13 
Case #18: -1
Case #19: 13 1 1 1 1 1 1 1 1 1 1 1 2 28 
Case #20: 5 5 5 6 12 13 
Case #21: -1
Case #22: 7 4 4 5 5 7 7 9 
Case #23: 4 3 3 3 32 
Case #24: 6 4 4 6 7 9 11 
Case #25: 7 4 4 4 5 6 8 10 
Case #26: 19 1 1 1 1 1 1 1 1 1 1 1 1 1 1 1 1 1 7 17 
Case #27: -1
Case #28: 37 1 1 1 1 1 1 1 1 1 1 1 1 1 1 1 1 1 1 1 1 1 1 1 1 1 1 1 1 1 1 1 1 1 1 1 1 5 
Case #29: -1
Case #30: 3 10 13 18 
Case #31: 5 2 3 4 16 16 
Case #32: 6 4 5 5 6 7 14 
Case #33: 9 1 1 1 1 1 1 1 3 31 
Case #34: 4 4 5 6 26 
Case #35: 8 3 3 4 4 5 6 6 10 
Case #36: 7 4 4 4 4 5 6 14 
Case #37: 6 2 5 5 8 8 13 
Case #38: 11 1 1 1 1 1 1 1 1 1 2 30 
Case #39: 25 1 1 1 1 1 1 1 1 1 1 1 1 1 1 1 1 1 1 1 1 1 1 1 3 15 
Case #40: 9 3 3 3 3 3 5 6 6 9 
Case #41: 4 4 8 9 20 
Case #42: 6 4 5 5 7 8 12 
Case #43: 7 3 5 6 6 6 6 9 
Case #44: 4 2 8 10 21 
Case #45: 4 3 7 10 21 
Case #46: 4 8 8 10 15 
Case #47: 6 1 4 4 4 12 16 
Case #48: 14 1 1 1 1 1 1 1 1 1 1 1 1 1 28 
Case #49: -1
Case #50: -1
Case #51: 6 4 5 6 6 8 12 
Case #52: 34 1 1 1 1 1 1 1 1 1 1 1 1 1 1 1 1 1 1 1 1 1 1 1 1 1 1 1 1 1 1 1 1 1 8 
Case #53: 5 1 4 4 8 24 
Case #54: 5 1 1 1 1 37 
Case #55: 6 4 6 7 8 8 8 
Case #56: 7 3 3 4 7 7 7 10 
Case #57: -1
Case #58: 8 1 1 1 1 1 1 2 33 
Case #59: 5 1 1 1 3 35 
Case #60: 7 2 3 5 5 7 8 11 
Case #61: 8 3 3 3 3 3 8 9 9 
Case #62: 6 3 5 5 5 7 16 
Case #63: 7 2 3 5 5 5 8 13 
Case #64: 8 3 4 4 4 4 6 6 10 
Case #65: 5 5 5 6 9 16 
Case #66: 6 5 5 6 7 9 9 
Case #67: 7 3 4 4 5 5 8 12 
Case #68: 18 1 1 1 1 1 1 1 1 1 1 1 1 1 1 1 1 2 23 
Case #69: 5 1 10 10 10 10 
Case #70: 3 7 7 27 
Case #71: 7 4 5 6 6 6 7 7 
Case #72: 5 3 3 11 12 12 
Case #73: 4 4 6 7 24 
Case #74: 4 6 6 9 20 
Case #75: 5 1 1 1 6 32 
Case #76: 4 6 8 9 18 
Case #77: 5 6 6 9 10 10 
Case #78: 5 2 3 9 9 18 
Case #79: 5 2 5 5 14 15 
Case #80: 6 4 4 4 7 7 15 
Case #81: -1
Case #82: 5 3 3 3 7 25 
Case #83: -1
Case #84: -1
Case #85: 16 1 1 1 1 1 1 1 1 1 1 1 1 1 1 1 26 
Case #86: 5 6 8 8 9 10 
Case #87: 6 3 3 3 5 10 17 
Case #88: 7 4 4 5 6 6 8 8 
Case #89: 6 4 5 5 8 8 11 
Case #90: 7 4 4 4 4 8 8 9 
Case #91: -1
Case #92: 9 1 1 1 1 1 1 1 2 32 
Case #93: 6 1 1 2 5 16 16 
Case #94: 5 5 8 8 8 12 
Case #95: -1
Case #96: 6 1 1 1 2 17 19 
Case #97: 5 6 6 7 9 13 
Case #98: 5 3 5 7 10 16 
Case #99: 19 1 1 1 1 1 1 1 1 1 1 1 1 1 1 1 1 1 4 20 
Case #100: 4 5 6 15 15 
Case #101: 3 2 3 36 
Case #102: 4 5 7 9 20 
Case #103: -1
Case #104: 5 3 4 6 13 15 
Case #105: 7 4 4 4 6 7 8 8 
Case #106: 12 1 1 1 1 1 1 1 1 1 1 1 30 
Case #107: 3 5 9 27 
Case #108: 8 3 4 4 5 5 5 6 9 
Case #109: 7 3 3 3 3 6 10 13 
Case #110: 5 2 7 7 10 15 
Case #111: 6 4 4 6 6 9 12 
Case #112: 7 3 3 4 5 5 10 11 
Case #113: -1
Case #114: 4 1 7 16 17 
Case #115: 7 3 3 5 5 5 8 12 
Case #116: 4 4 11 12 14 
Case #117: 6 4 5 6 6 9 11 
Case #118: -1
Case #119: -1
Case #120: 8 2 4 4 5 5 5 6 10 
Case #121: 4 2 3 16 20 
Case #122: 8 3 4 4 4 4 5 5 12 
Case #123: 6 1 3 3 3 5 26 
Case #124: -1
Case #125: 19 1 1 1 1 1 1 1 1 1 1 1 1 1 1 1 1 1 3 21 
Case #126: 4 2 7 16 16 
Case #127: 8 3 3 3 3 5 7 7 10 
Case #128: 7 1 1 1 1 2 9 26 
Case #129: 8 3 3 3 5 5 6 6 10 
Case #130: 6 2 7 8 8 8 8 
Case #131: 4 5 10 12 14 
Case #132: 5 6 7 7 9 12 
Case #133: 15 1 1 1 1 1 1 1 1 1 1 1 1 1 2 26 
Case #134: 14 1 1 1 1 1 1 1 1 1 1 1 1 2 27 
Case #135: 5 4 5 5 9 18 
Case #136: 4 3 5 9 24 
Case #137: -1
Case #138: 6 3 4 4 7 9 14 
Case #139: 2 5 36 
Case #140: 16 1 1 1 1 1 1 1 1 1 1 1 1 1 1 2 25 
Case #141: 6 3 3 4 6 12 13 
Case #142: 4 2 3 4 32 
Case #143: 7 4 5 6 6 6 6 8 
Case #144: 6 1 1 5 5 13 16 
Case #145: 29 1 1 1 1 1 1 1 1 1 1 1 1 1 1 1 1 1 1 1 1 1 1 1 1 1 1 1 7 7 
Case #146: 6 5 5 5 7 9 10 
Case #147: 9 3 3 4 4 4 4 5 5 9 
Case #148: 8 2 4 4 4 4 6 7 10 
Case #149: 25 1 1 1 1 1 1 1 1 1 1 1 1 1 1 1 1 1 1 1 1 1 1 1 1 17 
Case #150: -1
Case #151: -1
Case #152: 4 2 5 12 22 
Case #153: 6 3 3 5 7 8 15 
Case #154: 5 6 6 8 8 13 
Case #155: 5 6 6 8 9 12 
Case #156: -1
Case #157: 8 3 4 4 4 5 6 6 9 
Case #158: 32 1 1 1 1 1 1 1 1 1 1 1 1 1 1 1 1 1 1 1 1 1 1 1 1 1 1 1 1 1 1 1 10 
Case #159: 6 5 6 7 7 8 8 
Case #160: -1
Case #161: 5 2 7 7 7 18 
Case #162: -1
Case #163: 6 4 4 5 5 11 12 
Case #164: 5 6 6 6 8 15 
Case #165: 3 5 6 30 
Case #166: 6 3 4 4 7 10 13 
Case #167: 5 1 4 7 8 21 
Case #168: 5 4 6 6 11 14 
Case #169: 21 1 1 1 1 1 1 1 1 1 1 1 1 1 1 1 1 1 1 1 1 21 
Case #170: 11 1 4 4 4 4 4 4 4 4 4 4 
Case #171: 4 3 3 8 27 
Case #172: 3 6 17 18 
Case #173: 5 3 3 6 13 16 
Case #174: 4 2 9 12 18 
Case #175: 5 4 6 6 9 16 
Case #176: 4 2 11 14 14 
Case #177: 4 7 9 10 15 
Case #178: 6 4 4 5 6 9 13 
Case #179: -1
Case #180: 6 3 3 5 9 10 11 
Case #181: -1
Case #182: 4 7 8 11 15 
Case #183: 10 1 1 1 1 1 1 1 1 1 32 
Case #184: 7 3 5 5 6 6 6 10 
Case #185: 6 4 5 8 8 8 8 
Case #186: 6 5 5 7 8 8 8 
Case #187: 5 1 5 10 10 15 
Case #188: 5 4 4 6 10 17 
Case #189: 9 3 3 3 3 3 3 6 7 10 
Case #190: 5 3 5 6 13 14 
Case #191: 7 1 3 3 3 3 3 25 
Case #192: 5 4 4 4 8 21 
Case #193: -1
Case #194: -1
Case #195: 4 3 4 10 24 
Case #196: 7 3 4 5 5 5 8 11 
Case #197: 6 4 4 5 6 7 15 
Case #198: 6 2 4 5 5 12 13 
Case #199: 3 5 12 24 
Case #200: 10 3 3 3 3 3 4 4 4 5 9 
Case #201: 21 1 1 1 1 1 1 1 1 1 1 1 1 1 1 1 1 1 1 1 11 11 
Case #202: -1
Case #203: 19 1 1 1 1 1 1 1 1 1 1 1 1 1 1 1 1 1 2 22 
Case #204: -1
Case #205: 6 4 4 4 6 11 12 
Case #206: 6 1 1 1 1 1 36 
Case #207: -1
Case #208: 4 3 7 9 22 
Case #209: 5 3 5 5 10 18 
Case #210: 7 3 4 4 4 7 8 11 
Case #211: 9 3 3 4 4 4 5 6 6 6 
Case #212: 5 5 6 6 8 16 
Case #213: 3 9 14 18 
Case #214: -1
Case #215: -1
Case #216: 4 1 1 1 38 
Case #217: 5 5 5 9 10 12 
Case #218: 5 3 6 6 6 20 
Case #219: 10 1 1 1 1 1 1 1 1 4 29 
Case #220: 7 4 4 5 5 7 8 8 
Case #221: -1
Case #222: 7 3 4 5 5 6 6 12 
Case #223: 6 5 6 6 6 9 9 
Case #224: 16 1 1 1 1 1 1 1 1 1 1 1 1 1 1 4 23 
Case #225: -1
Case #226: -1
Case #227: 8 2 3 4 4 4 8 8 8 
Case #228: 8 3 4 5 5 6 6 6 6 
Case #229: 5 5 7 9 10 10 
Case #230: 8 2 3 4 5 5 7 7 8 
Case #231: 3 6 10 25 
Case #232: 5 4 6 6 12 13 
Case #233: 13 1 1 1 1 1 1 1 1 1 1 1 3 27 
Case #234: -1
Case #235: 10 3 3 3 3 3 3 3 3 7 10 
Case #236: 3 12 14 15 
Case #237: 6 4 4 4 4 5 20 
Case #238: 6 4 5 5 7 10 10 
Case #239: 9 1 1 1 1 1 1 1 7 27 
Case #240: 7 1 1 1 1 1 3 33 
Case #241: 11 1 1 1 1 1 1 1 1 1 3 29 
Case #242: 5 4 4 7 9 17 
Case #243: 7 4 4 4 5 6 6 12 
Case #244: 7 2 4 4 4 6 10 11 
Case #245: 9 3 4 4 4 4 4 5 5 8 
Case #246: 4 3 5 15 18 
Case #247: 4 6 7 10 18 
Case #248: -1
Case #249: 5 1 4 5 5 26 
Case #250: 3 11 13 17 
Case #251: 7 3 3 4 4 5 9 13 
Case #252: -1
Case #253: 5 3 6 9 11 12 
Case #254: 36 1 1 1 1 1 1 1 1 1 1 1 1 1 1 1 1 1 1 1 1 1 1 1 1 1 1 1 1 1 1 1 1 1 1 1 6 
Case #255: -1
Case #256: -1
Case #257: -1
Case #258: 8 3 4 4 4 4 5 7 10 
Case #259: 5 5 6 6 6 18 
Case #260: 4 4 9 14 14 
Case #261: 7 3 4 5 6 6 7 10 
Case #262: 4 5 10 11 15 
Case #263: 4 4 6 6 25 
Case #264: 6 3 3 7 7 10 11 
Case #265: 5 4 4 7 10 16 
Case #266: 5 6 6 9 9 11 
Case #267: -1
Case #268: 8 3 4 4 5 5 5 7 8 
Case #269: 4 3 7 12 19 
Case #270: 9 3 3 3 4 4 4 5 6 9 
Case #271: 3 2 7 32 
Case #272: 5 1 2 7 10 21 
Case #273: 13 1 1 1 1 1 1 1 1 1 1 1 5 25 
Case #274: -1
Case #275: -1
Case #276: 5 5 6 7 8 15 
Case #277: 6 3 3 6 6 11 12 
Case #278: 3 9 12 20 
Case #279: 8 4 4 4 4 5 6 6 8 
Case #280: 9 2 3 4 4 4 4 5 7 8 
Case #281: -1
Case #282: 7 3 4 4 5 5 10 10 
Case #283: -1
Case #284: 4 2 5 7 27 
Case #285: 5 3 3 6 12 17 
Case #286: -1
Case #287: 6 1 1 4 7 8 20 
Case #288: 4 1 4 15 21 
Case #289: 8 3 3 4 4 6 6 6 9 
Case #290: 6 4 4 6 6 6 15 
Case #291: 6 1 3 3 7 10 17 
Case #292: -1
Case #293: 5 1 1 6 16 17 
Case #294: -1
Case #295: 27 1 1 1 1 1 1 1 1 1 1 1 1 1 1 1 1 1 1 1 1 1 1 1 1 1 1 15 
Case #296: -1
Case #297: 5 5 6 9 9 12 
Case #298: 5 3 3 6 7 22 
Case #299: 5 4 4 5 14 14 
Case #300: 20 1 1 1 1 1 1 1 1 1 1 1 1 1 1 1 1 1 1 1 22 
Case #301: 7 3 3 4 4 6 10 11 
Case #302: -1
Case #303: 3 11 12 18 
Case #304: -1
Case #305: 6 1 1 3 3 10 23 
Case #306: 12 1 1 1 1 1 1 1 1 1 1 3 28 
Case #307: 5 3 4 11 11 12 
Case #308: 6 3 5 6 6 7 14 
Case #309: 5 4 4 7 11 15 
Case #310: 5 4 4 4 12 17 
Case #311: 12 1 1 1 1 1 1 1 1 1 1 2 29 
Case #312: -1
Case #313: 6 4 4 6 8 8 11 
Case #314: 8 3 3 5 5 6 6 6 7 
Case #315: -1
Case #316: 4 7 8 12 14 
Case #317: 8 3 3 5 5 5 5 5 10 
Case #318: 4 1 1 3 36 
Case #319: -1
Case #320: 8 3 4 4 4 5 5 6 10 
Case #321: 7 4 4 4 6 6 7 10 
Case #322: 6 5 5 6 6 7 12 
Case #323: 7 3 4 4 4 7 7 12 
Case #324: 7 5 6 6 6 6 6 6 
Case #325: 6 5 5 6 6 8 11 
Case #326: 7 1 1 1 1 1 17 19 
Case #327: 5 4 5 7 10 15 
Case #328: 4 2 6 16 17 
Case #329: 7 4 4 4 4 5 10 10 
Case #330: 4 1 6 7 27 
Case #331: -1
Case #332: 5 6 6 7 7 15 
Case #333: 6 4 4 4 9 9 11 
Case #334: 8 3 4 4 5 5 5 5 10 
Case #335: 5 6 7 8 10 10 
Case #336: -1
Case #337: -1
Case #338: 9 1 1 1 1 1 1 1 1 33 
Case #339: 7 2 3 7 7 7 7 8 
Case #340: 7 1 4 4 8 8 8 8 
Case #341: 7 4 4 5 5 6 7 10 
Case #342: 5 1 1 1 2 36 
Case #343: 3 1 17 23 
Case #344: 5 3 6 6 11 15 
Case #345: 4 8 10 11 12 
Case #346: 5 5 5 6 11 14 
Case #347: 7 2 4 4 4 7 9 11 
Case #348: 4 1 1 2 37 
Case #349: -1
Case #350: 6 2 3 3 5 13 15 
Case #351: 7 4 5 5 5 6 6 10 
Case #352: 3 2 14 25 
Case #353: 6 3 3 5 7 10 13 
Case #354: -1
Case #355: 4 6 9 10 16 
Case #356: 6 3 3 3 9 10 13 
Case #357: 6 3 5 6 6 9 12 
Case #358: 7 1 1 1 5 7 7 19 
Case #359: 5 3 3 4 13 18 
Case #360: 6 4 5 6 7 7 12 
Case #361: 4 3 5 8 25 
Case #362: -1
Case #363: 7 3 3 4 5 5 9 12 
Case #364: 6 1 1 1 7 9 22 
Case #365: 7 4 4 4 4 7 9 9 
Case #366: 10 2 3 4 4 4 4 4 4 4 8 
Case #367: -1
Case #368: 3 4 9 28 
Case #369: -1
Case #370: 5 3 8 8 11 11 
Case #371: -1
Case #372: 8 3 4 4 4 5 5 7 9 
Case #373: 9 1 1 1 1 1 1 1 4 30 
Case #374: 5 3 4 8 13 13 
Case #375: 5 4 4 9 11 13 
Case #376: 5 1 4 9 13 14 
Case #377: 3 8 12 21 
Case #378: 5 1 1 3 17 19 
Case #379: 18 1 1 1 1 1 1 1 1 1 1 1 1 1 1 1 1 1 24 
Case #380: -1
Case #381: 6 3 4 4 8 11 11 
Case #382: 5 2 3 3 16 17 
Case #383: 5 4 5 9 11 12 
Case #384: 5 5 5 5 8 18 
Case #385: 10 3 3 3 3 3 3 3 5 5 10 
Case #386: 6 1 1 1 3 11 24 
Case #387: 8 3 3 5 6 6 6 6 6 
Case #388: 6 3 7 7 8 8 8 
Case #389: 6 1 4 4 5 13 14 
Case #390: 6 3 3 7 9 9 10 
Case #391: 6 4 4 6 6 7 14 
Case #392: 6 3 3 6 6 10 13 
Case #393: 6 4 4 5 6 8 14 
Case #394: 5 3 4 7 13 14 
Case #395: 6 2 4 4 9 11 11 
Case #396: 6 3 3 5 7 11 12 
Case #397: 6 4 6 6 6 8 11 
Case #398: 5 5 6 7 11 12 
Case #399: 5 3 4 8 8 18 
Case #400: 8 3 4 4 6 6 6 6 6 
Case #401: 8 3 5 5 5 5 5 5 8 
Case #402: 7 4 6 6 6 6 6 7 
Case #403: 4 4 6 9 22 
Case #404: -1
Case #405: 7 3 3 4 4 4 10 13 
Case #406: 5 7 7 7 10 10 
Case #407: 6 4 5 5 6 6 15 
Case #408: 6 2 5 5 6 11 12 
Case #409: 8 4 4 4 4 4 5 7 9 
Case #410: 6 4 4 5 7 7 14 
Case #411: -1
Case #412: 5 5 6 8 10 12 
Case #413: -1
Case #414: 6 3 4 4 5 12 13 
Case #415: 5 4 4 6 9 18 
Case #416: -1
Case #417: 10 3 3 3 3 3 3 3 3 8 9 
Case #418: 3 1 3 37 
Case #419: 6 3 3 3 10 11 11 
Case #420: 4 5 9 11 16 
Case #421: 3 6 15 20 
Case #422: 5 6 7 9 9 10 
Case #423: 8 4 4 4 4 4 5 6 10 
Case #424: 9 2 3 4 4 4 4 4 8 8 
Case #425: -1
Case #426: 6 3 4 4 8 9 13 
Case #427: 5 2 4 5 5 25 
Case #428: 4 1 7 9 24 
Case #429: 4 6 8 11 16 
Case #430: 5 6 6 6 9 14 
Case #431: 4 5 7 11 18 
Case #432: 7 5 5 5 5 5 8 8 
Case #433: 5 7 7 8 9 10 
Case #434: 4 1 1 7 32 
Case #435: 21 1 1 1 1 1 1 1 1 1 1 1 1 1 1 1 1 1 1 1 9 13 
Case #436: 6 2 3 4 7 8 17 
Case #437: 7 2 4 5 7 7 8 8 
Case #438: 6 4 4 6 9 9 9 
Case #439: 9 2 3 4 4 5 5 5 5 8 
Case #440: 7 3 4 4 6 6 9 9 
Case #441: 5 3 5 8 12 13 
Case #442: -1
Case #443: 7 3 4 4 4 5 10 11 
Case #444: 7 3 4 5 5 6 9 9 
Case #445: 3 10 10 21 
Case #446: 7 3 4 4 6 7 7 10 
Case #447: 6 5 6 6 6 6 12 
Case #448: 5 1 3 5 5 27 
Case #449: 7 4 4 4 5 5 5 14 
Case #450: 5 1 3 3 7 27 
Case #451: 6 6 6 6 6 6 11 
Case #452: -1
Case #453: 4 8 9 12 12 
Case #454: 8 1 1 3 3 3 3 9 18 
Case #455: 6 3 5 6 6 6 15 
Case #456: 6 5 5 6 6 6 13 
Case #457: 20 1 1 1 1 1 1 1 1 1 1 1 1 1 1 1 1 1 1 2 21 
Case #458: 9 3 3 3 4 4 5 5 5 9 
Case #459: 6 1 3 5 5 9 18 
Case #460: 28 1 1 1 1 1 1 1 1 1 1 1 1 1 1 1 1 1 1 1 1 1 1 1 1 1 1 1 14 
Case #461: 4 6 10 10 15 
Case #462: 5 2 7 8 8 16 
Case #463: 10 3 3 3 3 3 3 5 6 6 6 
Case #464: 6 1 2 7 7 8 16 
Case #465: -1
Case #466: 6 3 5 6 9 9 9 
Case #467: 9 2 4 4 4 4 4 4 6 9 
Case #468: 6 3 3 3 5 9 18 
Case #469: -1
Case #470: 6 3 5 5 7 9 12 
Case #471: 7 1 1 1 1 1 4 32 
Case #472: -1
Case #473: -1
Case #474: 35 1 1 1 1 1 1 1 1 1 1 1 1 1 1 1 1 1 1 1 1 1 1 1 1 1 1 1 1 1 1 1 1 1 1 7 
Case #475: 3 2 9 30 
Case #476: 7 2 3 4 4 4 8 16 
Case #477: 5 5 5 6 10 15 
Case #478: 6 5 6 6 8 8 8 
Case #479: 6 3 4 6 6 6 16 
Case #480: 7 3 4 6 6 6 6 10 
Case #481: 6 1 2 4 4 5 25 
Case #482: 5 3 3 4 5 26 
Case #483: 6 4 6 6 6 7 12 
Case #484: -1
Case #485: 6 3 3 7 7 9 12 
Case #486: -1
Case #487: 6 3 5 5 5 8 15 
Case #488: 9 3 3 3 3 4 4 5 7 9 
Case #489: 5 5 7 7 10 12 
Case #490: -1
Case #491: 4 7 7 9 18 
Case #492: 5 4 7 10 10 10 
Case #493: 5 1 4 5 12 19 
Case #494: -1
Case #495: 8 4 4 4 4 4 4 5 12 
Case #496: 5 1 3 7 8 22 
Case #497: 4 3 7 8 23 
Case #498: 15 1 1 1 1 1 1 1 1 1 1 1 1 1 3 25 
Case #499: 5 3 5 6 11 16 
Case #500: -1
Case #501: 4 3 8 9 21 
Case #502: -1
Case #503: -1
Case #504: -1
Case #505: 4 5 5 7 24 
Case #506: 5 4 4 8 9 16 
Case #507: 6 2 3 3 5 7 21 
Case #508: 22 1 1 1 1 1 1 1 1 1 1 1 1 1 1 1 1 1 1 1 1 7 14 
Case #509: 8 2 4 4 4 4 7 7 9 
Case #510: 7 3 5 5 5 5 6 12 
Case #511: 3 2 6 33 
Case #512: 4 3 4 12 22 
Case #513: 6 3 5 6 6 10 11 
Case #514: 7 4 5 5 6 6 7 8 
Case #515: -1
Case #516: 6 3 4 4 6 9 15 
Case #517: 6 3 7 7 7 8 9 
Case #518: -1
Case #519: 6 6 6 6 6 8 9 
Case #520: 6 5 5 5 5 5 16 
Case #521: 5 3 7 8 9 14 
Case #522: -1
Case #523: 5 4 5 6 10 16 
Case #524: 6 2 3 5 7 11 13 
Case #525: 6 2 3 5 5 11 15 
Case #526: -1
Case #527: -1
Case #528: -1
Case #529: 5 6 8 8 8 11 
Case #530: -1
Case #531: 7 4 4 4 4 5 9 11 
Case #532: 4 4 4 6 27 
Case #533: 6 3 6 6 6 9 11 
Case #534: 5 3 3 4 12 19 
Case #535: 7 3 3 3 6 7 9 10 
Case #536: 7 3 5 5 6 6 7 9 
Case #537: 6 1 8 8 8 8 8 
Case #538: 6 3 5 5 6 6 16 
Case #539: -1
Case #540: -1
Case #541: 11 1 1 1 1 1 1 1 1 1 4 28 
Case #542: 31 1 1 1 1 1 1 1 1 1 1 1 1 1 1 1 1 1 1 1 1 1 1 1 1 1 1 1 1 1 1 11 
Case #543: 10 1 1 1 1 1 1 1 1 2 31 
Case #544: 9 3 4 4 4 4 4 4 4 10 
Case #545: 3 7 10 24 
Case #546: 6 1 1 1 1 5 32 
Case #547: 8 2 4 4 5 5 5 8 8 
Case #548: 5 3 6 7 12 13 
Case #549: 24 1 1 1 1 1 1 1 1 1 1 1 1 1 1 1 1 1 1 1 1 1 1 1 18 
Case #550: -1
Case #551: 7 4 4 4 5 8 8 8 
Case #552: 6 3 5 5 7 8 13 
Case #553: 8 3 3 4 4 5 5 7 10 
Case #554: 3 5 18 18 
Case #555: 16 1 1 1 1 1 1 1 1 1 1 1 1 1 1 6 21 
Case #556: 25 1 1 1 1 1 1 1 1 1 1 1 1 1 1 1 1 1 1 1 1 1 1 1 7 11 
Case #557: 6 5 5 5 6 6 14 
Case #558: -1
Case #559: 4 3 3 10 25 
Case #560: 6 1 2 4 5 13 16 
Case #561: 5 8 8 8 8 9 
Case #562: 4 5 9 12 15 
Case #563: 5 4 5 7 12 13 
Case #564: 7 3 4 5 5 5 5 14 
Case #565: 4 3 11 12 15 
Case #566: 4 4 4 9 24 
Case #567: 4 1 1 5 34 
Case #568: 7 1 1 1 1 1 2 34 
Case #569: 7 1 1 1 1 3 7 27 
Case #570: 6 3 5 7 7 7 12 
Case #571: 7 2 3 4 8 8 8 8 
Case #572: -1
Case #573: -1
Case #574: 6 4 4 8 8 8 9 
Case #575: 5 3 3 5 5 25 
Case #576: -1
Case #577: 7 4 5 5 5 5 5 12 
Case #578: -1
Case #579: 4 3 9 11 18 
Case #580: -1
Case #581: -1
Case #582: 3 6 11 24 
Case #583: 7 4 4 6 6 6 7 8 
Case #584: 6 3 4 4 5 8 17 
Case #585: 5 2 3 8 11 17 
Case #586: 7 1 1 3 3 3 5 25 
Case #587: 6 2 5 7 7 10 10 
Case #588: 4 3 8 13 17 
Case #589: 5 5 6 8 8 14 
Case #590: 7 2 3 4 4 7 8 13 
Case #591: -1
Case #592: 4 3 11 11 16 
Case #593: -1
Case #594: 7 3 3 4 4 9 9 9 
Case #595: 7 3 3 5 6 7 7 10 
Case #596: 5 4 5 8 8 16 
Case #597: 4 1 2 14 24 
Case #598: 5 3 3 8 9 18 
Case #599: 5 2 3 5 11 20 
Case #600: 8 3 3 3 4 6 6 7 9 
Case #601: 26 1 1 1 1 1 1 1 1 1 1 1 1 1 1 1 1 1 1 1 1 1 1 1 1 1 16 
Case #602: 7 1 1 1 1 1 1 35 
Case #603: 23 1 1 1 1 1 1 1 1 1 1 1 1 1 1 1 1 1 1 1 1 1 7 13 
Case #604: 4 7 7 11 16 
Case #605: 38 1 1 1 1 1 1 1 1 1 1 1 1 1 1 1 1 1 1 1 1 1 1 1 1 1 1 1 1 1 1 1 1 1 1 1 1 1 4 
Case #606: 8 3 3 3 3 6 6 7 10 
Case #607: -1
Case #608: -1
Case #609: 5 3 5 7 8 18 
Case #610: 23 1 1 1 1 1 1 1 1 1 1 1 1 1 1 1 1 1 1 1 1 1 3 17 
Case #611: -1
Case #612: 16 1 1 1 1 1 1 1 1 1 1 1 1 1 1 5 22 
Case #613: 8 4 4 4 4 4 4 8 9 
Case #614: 6 3 3 4 8 11 12 
Case #615: 8 3 4 4 4 4 7 7 8 
Case #616: 5 4 4 7 8 18 
Case #617: 5 3 4 5 12 17 
Case #618: -1
Case #619: 4 4 6 13 18 
Case #620: 6 3 3 3 3 10 19 
Case #621: -1
Case #622: 8 3 4 4 4 4 4 6 12 
Case #623: -1
Case #624: 5 4 5 6 6 20 
Case #625: 3 4 5 32 
Case #626: -1
Case #627: 4 1 5 16 19 
Case #628: 5 2 6 7 11 15 
Case #629: 5 4 4 6 7 20 
Case #630: 6 4 5 6 6 6 14 
Case #631: 17 1 1 1 1 1 1 1 1 1 1 1 1 1 1 1 2 24 
Case #632: 8 3 4 4 4 4 4 9 9 
Case #633: 5 1 1 1 19 19 
Case #634: 6 5 5 5 6 8 12 
Case #635: 6 4 5 5 9 9 9 
Case #636: 5 4 4 4 11 18 
Case #637: 3 6 16 19 
Case #638: 21 1 1 1 1 1 1 1 1 1 1 1 1 1 1 1 1 1 1 1 3 19 
Case #639: 6 4 4 5 5 7 16 
Case #640: 6 3 5 7 7 8 11 
Case #641: 5 1 1 2 9 28 
Case #642: 5 2 4 8 11 16 
Case #643: 7 3 3 4 6 6 7 12 
Case #644: -1
Case #645: -1
Case #646: 6 3 3 6 6 9 14 
Case #647: 4 2 6 12 21 
Case #648: 8 1 1 1 1 1 1 1 34 
Case #649: 5 6 7 8 8 12 
Case #650: 5 2 3 6 9 21 
Case #651: 6 2 3 7 8 8 13 
Case #652: 6 1 4 4 4 8 20 
Case #653: 2 9 32 
Case #654: 5 4 4 5 8 20 
Case #655: 25 1 1 1 1 1 1 1 1 1 1 1 1 1 1 1 1 1 1 1 1 1 1 1 5 13 
Case #656: 33 1 1 1 1 1 1 1 1 1 1 1 1 1 1 1 1 1 1 1 1 1 1 1 1 1 1 1 1 1 1 1 1 9 
Case #657: 5 5 8 8 10 10 
Case #658: 5 4 7 7 9 14 
Case #659: 5 1 1 2 15 22 
Case #660: 4 4 10 11 16 
Case #661: 5 4 5 7 9 16 
Case #662: 4 5 10 10 16 
Case #663: 8 2 3 3 3 5 5 5 15 
Case #664: 7 3 3 3 6 6 9 11 
Case #665: 6 1 1 1 1 2 35 
Case #666: 6 2 3 4 8 11 13 
Case #667: 5 4 5 6 8 18 
Case #668: -1
Case #669: 19 1 1 1 1 1 1 1 1 1 1 1 1 1 1 1 1 1 1 23 
Case #670: 4 6 11 12 12 
Case #671: 6 4 4 4 4 12 13 
Case #672: 17 1 1 1 1 1 1 1 1 1 1 1 1 1 1 1 3 23 
Case #673: -1
Case #674: 8 4 4 4 5 5 5 5 9 
Case #675: 4 1 11 14 15 
Case #676: 4 2 4 14 21 
Case #677: 4 9 10 10 12 
Case #678: -1
Case #679: -1
Case #680: -1
Case #681: -1
Case #682: 8 2 3 4 4 4 5 8 11 
Case #683: 3 8 9 24 
Case #684: -1
Case #685: -1
Case #686: 6 3 4 5 5 8 16 
Case #687: 6 3 5 5 5 11 12 
Case #688: 15 1 1 1 1 1 1 1 1 1 1 1 1 1 5 23 
Case #689: 4 4 7 10 20 
Case #690: 3 7 14 20 
Case #691: 7 3 4 6 6 6 7 9 
Case #692: 6 3 3 8 9 9 9 
Case #693: 5 4 6 7 9 15 
Case #694: 4 1 3 7 30 
Case #695: 22 1 1 1 1 1 1 1 1 1 1 1 1 1 1 1 1 1 1 1 1 1 20 
Case #696: -1
Case #697: 8 4 4 4 4 5 5 6 9 
Case #698: 6 5 6 6 6 7 11 
Case #699: 6 4 4 4 8 9 12 
Case #700: 4 6 6 11 18 
Case #701: 8 3 3 3 5 5 5 7 10 
Case #702: 7 4 4 4 5 5 7 12 
Case #703: 6 5 5 5 5 9 12 
Case #704: -1
Case #705: 6 3 4 6 6 7 15 
Case #706: 10 1 4 4 4 4 4 4 4 4 8 
Case #707: 5 1 1 11 14 14 
Case #708: 7 3 4 5 6 6 6 11 
Case #709: 8 4 4 5 5 5 6 6 6 
Case #710: 4 4 6 10 21 
Case #711: 5 3 7 7 8 16 
Case #712: 4 6 7 8 20 
Case #713: 6 4 4 5 6 10 12 
Case #714: 6 1 1 3 8 11 17 
Case #715: 6 4 6 6 8 8 9 
Case #716: 13 1 1 1 1 1 1 1 1 1 1 3 7 21 
Case #717: 13 1 1 1 1 1 1 1 1 1 1 5 7 19 
Case #718: 7 3 3 4 5 7 7 12 
Case #719: 11 1 1 1 1 1 1 1 1 1 1 31 
Case #720: -1
Case #721: 7 3 4 4 6 6 6 12 
Case #722: 4 2 4 10 25 
Case #723: -1
Case #724: -1
Case #725: 4 5 5 10 21 
Case #726: 4 3 6 10 22 
Case #727: 13 1 1 1 1 1 1 1 1 1 1 7 11 13 
Case #728: -1
Case #729: 6 1 3 3 5 10 19 
Case #730: 7 3 4 4 7 7 8 8 
Case #731: 7 4 4 4 6 6 8 9 
Case #732: -1
Case #733: 5 5 5 5 10 16 
Case #734: 8 3 3 4 5 5 6 6 9 
Case #735: -1
Case #736: -1
Case #737: 4 1 4 11 25 
Case #738: 5 3 6 7 7 18 
Case #739: -1
Case #740: 6 2 3 3 3 3 27 
Case #741: 41 1 1 1 1 1 1 1 1 1 1 1 1 1 1 1 1 1 1 1 1 1 1 1 1 1 1 1 1 1 1 1 1 1 1 1 1 1 1 1 1 1 
Case #742: 4 7 8 10 16 
Case #743: 7 3 3 6 6 6 7 10 
Case #744: 9 3 3 3 4 5 5 6 6 6 
Case #745: 5 3 8 9 9 12 
Case #746: 4 4 5 12 20 
Case #747: 4 5 8 10 18 
Case #748: 5 4 7 7 7 16 
Case #749: 4 8 9 10 14 
Case #750: 6 1 4 5 5 10 16 
Case #751: 7 3 4 5 7 7 7 8 
Case #752: 6 1 1 1 3 16 19 
Case #753: 4 3 6 16 16 
Case #754: 7 4 4 4 4 6 7 12 
Case #755: -1
Case #756: 3 3 6 32 
Case #757: 4 3 5 13 20 
Case #758: 3 6 14 21 
Case #759: 7 3 3 3 5 6 10 11 
Case #760: 4 3 7 13 18 
Case #761: -1
Case #762: 7 4 5 5 6 6 6 9 
Case #763: 4 8 8 9 16 
Case #764: 4 6 6 10 19 
Case #765: 2 20 21 
Case #766: 5 1 7 10 10 13 
Case #767: 6 3 4 6 6 9 13 
Case #768: 7 4 4 5 5 5 6 12 
Case #769: 6 1 3 7 8 11 11 
Case #770: 7 3 3 5 6 6 6 12 
Case #771: -1
Case #772: 7 2 4 4 7 8 8 8 
Case #773: -1
Case #774: 4 1 3 8 29 
Case #775: -1
Case #776: 7 4 4 6 6 6 6 9 
Case #777: -1
Case #778: 5 1 4 4 9 23 
Case #779: 5 6 6 6 11 12 
Case #780: 6 6 6 6 6 7 10 
Case #781: 7 3 4 4 4 5 9 12 
Case #782: 2 1 40 
Case #783: -1
Case #784: -1
Case #785: -1
Case #786: 11 1 1 1 1 1 1 1 1 1 5 27 
Case #787: 5 1 2 5 16 17 
Case #788: -1
Case #789: 17 1 1 1 1 1 1 1 1 1 1 1 1 1 1 1 4 22 
Case #790: 6 4 4 6 7 8 12 
Case #791: -1
Case #792: 5 2 7 7 9 16 
Case #793: 4 6 8 8 19 
Case #794: 3 3 16 22 
Case #795: 6 3 6 6 6 6 14 
Case #796: 6 3 3 5 9 9 12 
Case #797: 4 4 8 8 21 
Case #798: 3 10 11 20 
Case #799: -1
Case #800: 6 1 3 7 7 7 16 
Case #801: -1
Case #802: 5 2 3 5 8 23 
Case #803: 8 3 3 4 4 4 6 7 10 
Case #804: 8 4 4 4 5 6 6 6 6 
Case #805: 6 4 4 4 6 10 13 
Case #806: 7 5 5 5 5 6 6 9 
Case #807: -1
Case #808: 4 4 4 13 20 
Case #809: -1
Case #810: 8 3 3 3 5 6 6 6 9 
Case #811: 7 3 3 5 6 6 9 9 
Case #812: 5 6 6 7 10 12 
Case #813: 8 1 1 1 1 1 3 16 17 
Case #814: 6 1 1 1 1 3 34 
Case #815: 13 1 1 1 1 1 1 1 1 1 1 1 4 26 
Case #816: -1
Case #817: -1
Case #818: 6 5 5 6 7 8 10 
Case #819: 3 5 17 19 
Case #820: 13 1 1 1 1 1 1 1 1 1 1 1 1 29 
Case #821: 6 3 4 7 8 8 11 
Case #822: -1
Case #823: 8 1 1 1 1 1 3 7 26 
Case #824: 7 4 4 5 6 6 7 9 
Case #825: 4 3 10 10 18 
Case #826: 6 4 4 4 6 9 14 
Case #827: 6 6 6 6 7 7 9 
Case #828: -1
Case #829: 4 3 7 7 24 
Case #830: 7 3 4 4 5 5 6 14 
Case #831: 5 4 5 6 11 15 
Case #832: -1
Case #833: 19 1 1 1 1 1 1 1 1 1 1 1 1 1 1 1 1 1 5 19 
Case #834: 4 5 6 8 22 
Case #835: 8 4 4 4 4 4 6 6 9 
Case #836: 6 4 6 6 7 8 10 
Case #837: 6 2 3 4 8 8 16 
Case #838: -1
Case #839: 5 3 5 6 6 21 
Case #840: -1
Case #841: 8 3 3 4 5 5 5 6 10 
Case #842: -1
Case #843: 5 5 5 8 8 15 
Case #844: 5 1 3 6 9 22 
Case #845: -1
Case #846: 6 4 4 5 8 8 12 
Case #847: 9 3 3 3 3 5 6 6 6 6 
Case #848: 5 2 3 9 10 17 
Case #849: 7 3 3 5 5 5 6 14 
Case #850: 6 2 3 5 5 5 21 
Case #851: 5 3 5 5 6 22 
Case #852: 6 3 4 6 7 7 14 
Case #853: 6 2 3 6 9 10 11 
Case #854: 27 1 1 1 1 1 1 1 1 1 1 1 1 1 1 1 1 1 1 1 1 1 1 1 1 1 5 11 
Case #855: 3 10 15 16 
Case #856: 8 3 3 3 3 5 5 9 10 
Case #857: -1
Case #858: 6 4 4 4 5 8 16 
Case #859: 6 4 5 5 6 9 12 
Case #860: 4 3 5 12 21 
Case #861: 8 1 3 3 5 5 7 7 10 
Case #862: 40 1 1 1 1 1 1 1 1 1 1 1 1 1 1 1 1 1 1 1 1 1 1 1 1 1 1 1 1 1 1 1 1 1 1 1 1 1 1 1 2 
Case #863: 9 1 1 1 1 1 1 3 5 27 
Case #864: 5 6 6 6 7 16 
Case #865: 8 3 3 3 3 3 3 10 13 
Case #866: 8 3 5 5 5 5 6 6 6 
Case #867: 6 4 5 6 8 8 10 
Case #868: 7 4 5 5 5 6 8 8 
Case #869: 6 4 4 6 6 10 11 
Case #870: 8 3 3 3 3 3 5 10 11 
Case #871: 3 9 16 16 
Case #872: 6 3 3 4 4 10 17 
Case #873: 6 2 4 4 7 8 16 
Case #874: 9 3 3 3 3 3 4 4 9 9 
Case #875: 8 1 1 1 1 1 1 4 31 
Case #876: -1
Case #877: -1
Case #878: 8 1 1 3 3 5 5 10 13 
Case #879: 6 4 6 6 7 9 9 
Case #880: 5 3 5 5 8 20 
Case #881: 4 3 5 6 27 
Case #882: 5 3 3 3 5 27 
Case #883: 4 5 6 6 24 
Case #884: 5 5 9 9 9 9 
Case #885: 5 4 4 6 6 21 
Case #886: 6 3 5 5 5 5 18 
Case #887: -1
Case #888: -1
Case #889: -1
Case #890: 6 2 3 4 5 8 19 
Case #891: 3 1 10 30 
Case #892: 9 3 4 4 4 4 4 4 5 9 
Case #893: -1
Case #894: 6 4 4 5 6 6 16 
Case #895: 4 10 10 10 11 
Case #896: 7 3 3 4 7 7 8 9 
Case #897: 7 5 5 5 6 6 6 8 
Case #898: 6 5 5 6 6 9 10 
Case #899: 5 3 4 8 9 17 
Case #900: 6 3 4 5 6 7 16 
Case #901: 2 2 39 
Case #902: 4 5 9 9 18 
Case #903: -1
Case #904: 7 4 4 4 6 7 7 9 
Case #905: 8 1 1 3 7 7 7 7 8 
Case #906: 5 4 5 7 7 18 
Case #907: 6 4 5 5 5 10 12 
Case #908: 4 2 7 8 24 
Case #909: -1
Case #910: 4 4 5 16 16 
Case #911: 4 1 3 10 27 
Case #912: 10 1 1 1 1 1 1 1 1 3 30 
Case #913: 29 1 1 1 1 1 1 1 1 1 1 1 1 1 1 1 1 1 1 1 1 1 1 1 1 1 1 1 1 13 
Case #914: 5 5 6 6 9 15 
Case #915: -1
Case #916: 4 5 8 12 16 
Case #917: 5 4 4 5 9 19 
Case #918: 7 4 4 4 4 5 5 15 
Case #919: -1
Case #920: 6 5 6 6 6 8 10 
Case #921: 7 3 3 3 5 9 9 9 
Case #922: 39 1 1 1 1 1 1 1 1 1 1 1 1 1 1 1 1 1 1 1 1 1 1 1 1 1 1 1 1 1 1 1 1 1 1 1 1 1 1 3 
Case #923: 5 4 6 7 8 16 
Case #924: 6 1 3 3 10 11 13 
Case #925: 5 3 3 6 10 19 
Case #926: 4 7 8 8 18 
Case #927: 5 1 1 2 5 32 
Case #928: -1
Case #929: 7 5 5 6 6 6 6 7 
Case #930: 7 3 3 6 6 7 7 9 
Case #931: 7 3 4 4 4 5 8 13 
Case #932: 7 3 4 4 5 5 9 11 
Case #933: 9 3 3 3 3 3 5 5 6 10 
Case #934: 21 1 1 1 1 1 1 1 1 1 1 1 1 1 1 1 1 1 1 1 5 17 
Case #935: 6 2 3 3 6 11 16 
Case #936: 7 1 1 1 5 5 11 17 
Case #937: 8 3 4 4 5 6 6 6 7 
Case #938: 4 3 3 16 19 
Case #939: 8 1 1 1 1 1 1 3 32 
Case #940: 9 4 4 4 4 4 4 4 5 8 
Case #941: 5 3 6 6 9 17 
Case #942: 5 3 4 7 8 19 
Case #943: -1
Case #944: 6 3 3 7 8 9 11 
Case #945: 9 3 3 4 4 4 4 4 5 10 
Case #946: 6 1 2 7 10 10 11 
Case #947: 7 4 4 4 4 4 9 12 
Case #948: 3 1 2 38 
Case #949: 4 1 5 17 18 
Case #950: 5 5 7 8 8 13 
Case #951: -1
Case #952: 7 4 4 4 4 5 8 12 
Case #953: 4 7 10 10 14 
Case #954: -1
Case #955: 17 1 1 1 1 1 1 1 1 1 1 1 1 1 1 1 1 25 
Case #956: 4 5 8 8 20 
Case #957: 6 6 6 6 7 8 8 
Case #958: -1
Case #959: 4 3 5 7 26 
Case #960: 4 4 5 11 21 
