965
30030
37
653477439
68
5040
110
6037
583200
179200
42755209
8448
518400
3168
21504
2730
9100
21
105
1944
97
18
7290
94500
1520
7920
12960
2268
5625
36283838
519
934
115248
19200
243000
92317161
70560
23328
193
1600
163840
120000
409342369
68040
27720
792
95040
5044
32400
66
268800
6765
630
79
6552
201600
7389
393660
21168
164640
10080
215040
23232
3264
151200
245760
20328
125
118263990
27216
5016
322560
32256
8064
8000
8372259
587234
4752
1615
15390
12000
3564
204120
23760
56160
17920
22950
153600
38016
122
900
6000
2880
311040
22
2376
3024
7560
85
21000
33750
85050
56
331776
5760
11000
121500
524288
93
129
11016
104976
44800
61440
40824
13056
5376
96000
64152
4800
457481
364500
20480
9408
306180
105840
981028563
32768
131220
124
1920
1000000
904152917
340200
4480
76800
4675
198450
362
58800
209952
2000
4488
375000
6720
134400
98415
49000
49500
10240
22464
53940
100800
119
491520
2070
900360029
6541551
211680
60
85881
9240
82268566
49
3120
45000
391
11664
20736
8550
17550
28080
393216
116
6399199
12800
1500
4374
2340
3696
622080
200000
29400
1249
69120
700
42336
4158
15750
117
989447237
699840
2736
5184
107
7390
23100
1
3240
71280
216
1848
70200
7938
2304
51840
31500
30
81920
9216
46080
12348
162000
8347
236250
108864
92400
9409159
127008
665
89100
24696
1048576
118800
24
2100
145152
124416
35503
221184
4680
138240
97200
517759
466560
388800
17136
646
89
48
180000
33696
38880
1632
51
640
746803744
11085765
625433749
43740
65
57
6075
48384
17820
51030
7785
912
4788
345600
3157819
18816
15
552960
12870
129024
85712697
66528
69888
324000
70400
86016
46464
70
36864
93312
64800
33
5824
504
3456
90
1620
13122
346742385
12544
114688
52488
84
170
1960
1440
24300
83
279936
82944
40950
63360
96228
69984
16224
50688
4
7128
5520
16
441
56700
4539685
174960
660
9600
1260
133650
226151256
1764
24000
12768
5073
28000
961175759
62208
2640
281250
111
288
13
4914
99
21870
66150
482421315
16524
19440
536870912
126
2430
567
18000
18240
110250
36
9000
50400
641
1001
17
67584
967669583
15400
132000
320
91857
50000
18432
22176
31590
60480
8015864
78000
43
782
7025
84240
58054077
52800
32805
96768
172032
64512
4536
79548
4655
33792
165888
11340
1215
85536
163296
813
20592
288000
57600
7500
5767201
2720
46
38497
9
194400
35280
786432
101250
71
29250
2618049
57624
5940
368640
13230
589833267
19800
8624
44928
29160
10752
60000
2250
20160
4312
33401221
1904
546
39600
230400
4896
52
110592
6400
3960
47
1386
922505446
473
336000
157464
27000
14700
84480
5
41600
235200
805306368
322081025
132300
64922375
430080
16464
112000
291600
64680
21840
510205
373248
501
998244353
281
34
25200
23040
17640
58
59
169344
30240
17280
414720
472392
18480
14256
34020
44550
15288
38400
448
22500
9504
14336
787320
12150
107520
474
55296
12288
10500
4608
80
88704
21384
3600
3780
4000
63180
5601
954158175
6804
14560
98304
48000
10260
5600
2160
8748
395
37440
864
614400
54000
5400
4200
3900
57344
540
14688
4320
986129769
1817
5346
88
1680
95256
38
1671
3375
94
6930
10368
25920
8316
476014
25002
7056
74088
29120
170100
98
302400
2156
4733
43680
37800
109
42768
6
91
32000
54
3360
257
3312
240000
73
34300
43200
160
76032
155520
180
32670
8100
1701
202500
45360
19656
25600
72576
6144
73728
52920
1728
460800
10000
150000
405
480000
2520
4560
217728
193536
75
112
2200
182250
282791
45
655360
7040
810
36960
49280
3528
136080
48238
2592
102060
1824
12672
74880
81
307200
32640
41472
259200
11
35640
123
14112
14040
11264
142560
6300
76
672
69
3072
7897861
54880
196608
84579
5361
65610
12096
13680
633
72900
67893369
102
16320
5808
192000
688978813
16128
294912
983900459
13440
987
121
926315427
673921
2560
192
16200
29952
8640
72
106
122880
131
34111
40320
56448
26880
49392
33600
270000
24192
71805
176400
3645
25490988
12240
226800
83160
128000
7200
26
80949857
8320
181440
105000
768
53760
118
92
32
14400
949106497
207360
72000
1836
86
65536
7
139968
42120
1056
87480
8424
262440
2906162
23400
49920
62
75264
77
39936
189
32076
1008
67200
15120
108000
78
63504
6480
8250
24750
103
216000
4620
9827
2600
112896
301056
3864
105600
78750
48510
126720
21383
135000
104
94080
31680
34944
621008
50
3888
142884
29484
145800
2097152
55
67
405000
13824
67500
48600
47958485
3
5250
8208
13860
25
147456
150528
128
194241
17424
120
23115571
8826131
7455307
15876
233280
964532929
9450
8960
1584
84000
99000
1323
24576
59400
9489
131980
135
87
113
9180
27184698
248832
47473
20
28
57024
90720
100696425
47040
6840
420
225792
74
3509575
4943
4410
35
81000
49896
5721
252000
127
5000
108
244944
86400
92160
40
4050
224
75600
459270
40960
7392
576
77760
559
28512
2352
994617
54432
35100
241920
15840
6600
61740
725573
2016
18720
396
64
3510
432255
4160
2688
26460
115
2707
49152
697106497
168960
2403381
70235461
546750
10800
323
53
432000
42000
8400
31104
2025
31
141120
13500
10710
29700
957262828
916855204
5280
16380
1001604
95
33108
168000
969
82
938017885
99840
214573
1000000000
101
24480
360000
22848
998506315
999999937
9425
8772
122877509
2400
2431
5304
123480
6750
34560
31200
129600
361
118272
94770
2940
7296
125440
15552
34848
14
468
28672
30973
300
115200
161280
486000
11232
16000
1741
41580
54600
21952
7776
3000
1890
80640
29
20000
63
408240
15680
10
21600
314928
28800
524880
5297
31752
79200
58320
8
70000
1100
63000
9800
2310
30720
5120
3371
42
1134
9900
442368
22680
10560
144000
8660
999999998
4032
116640
349920
4725
23
5200
52416
44
8976
999999999
47628
3584
16800
5616
19008
184320
362880
42105
103680
816
256000
61966
186624
81648
300000
50544
2
696
8087519
1512
1530
89600
276480
1800
27456
7680
96
5657
4704
59136
