960
68040
362
35100
47
48000
1600
66150
67
49280
5824
1848
29700
63504
31680
5184
209952
28080
7897861
56
23400
79
176400
864
66528
153600
119
80949857
5
103
2340
6144
58800
93
3120
259200
107520
41600
60
45
393660
5760
67200
174960
3360
4410
9600
12288
28
409342369
2618049
69120
8
3072
37
86016
123480
922505446
66
105
92400
157464
42000
78000
276480
21600
85050
115200
46
10000
1323
211680
14256
4032
6480
192
7776
32400
8748
10500
47040
322081025
4725
34111
934
26
34560
22950
184320
70400
147456
501
64
2560
30720
587234
646
29484
16800
80
6750
216
6300
4539685
14040
172032
30
1215
324000
63180
14700
62208
99000
625433749
1904
108000
7392
71280
109
987
240000
1920
230400
3510
122
63
3584
198450
468
243000
57344
8400
31752
52
54
16200
3240
5767201
42336
180
50
33696
768
207360
5200
49
78750
518400
215040
17
2906162
900360029
2640
37800
29952
31104
94
311040
10
94080
35503
12348
7785
52800
25920
900
43680
4704
22176
21
1048576
1944
1836
11232
3888
20736
4312
9450
56160
983900459
44550
904152917
9240
32
162000
81920
89600
7500
16320
306180
16380
6075
10752
83
967669583
2880
132000
50400
31200
1440
699840
121
395
44
48238
50688
36
101
4158
13500
118272
622080
23040
2268
47958485
6541551
38
27000
12960
116
179200
122877509
129600
87480
92
71
84579
196608
388800
31500
235200
1500
22464
81
53
459270
2520
25600
70000
189
99
87
17136
138240
84480
614400
4050
7560
107
2600
2431
84240
47473
21384
6
999999937
961175759
36283838
268800
19440
7056
151200
8250
3600
48510
17920
32076
813
336000
4788
466560
448
2940
125
129
346742385
25200
42768
2160
368640
430080
782
120000
2097152
1890
11016
82
4480
1260
279936
51840
10710
67893369
1632
100696425
15
999999998
29160
8316
15680
22
95040
43
2376
85881
2070
84
17424
52920
18480
13056
58
71805
67584
340200
926315427
9408
281250
108
131980
288000
161280
75600
112896
233280
79200
323
21000
3264
128000
1134
7389
26460
57024
300000
33600
6037
688978813
33
115248
65536
168000
72
391
17820
10560
23100
88704
74
59
17550
180000
700
40950
432255
8640
31590
58320
4655
8424
70560
3000
79548
97200
1386
145152
786432
4733
1008
91857
23232
131
302400
120
16224
20592
6552
2016
969
24
8347
46464
4896
23760
18000
546750
792
349920
75264
14560
51030
56448
42120
53760
15288
34848
41580
76032
27720
13824
373248
375000
217728
4752
517759
74880
34300
54000
39600
322560
54880
9827
28800
981028563
37440
15552
457481
472392
111
32670
7920
1800
34020
307200
393216
476014
44928
5000
1512
8448
27216
6930
200000
35280
224
117
22848
125440
69984
480000
139968
18720
1817
105600
145800
2100
141120
77760
2025
112000
1701
85536
30973
10368
13122
48600
70200
42
486000
12150
14
9000
14336
787320
12544
281
65610
442368
21870
5601
56700
128
519
510205
7
540
49152
22500
92160
41472
155520
4000
4680
72576
27184698
47628
92317161
45000
408240
29400
61966
7938
28000
4560
954158175
245760
3696
3864
75
15840
482421315
4536
9409159
97
226151256
4200
18432
13230
98
225792
135000
396
3168
59400
201600
653477439
38880
74088
473
93312
50000
21168
746803744
19200
30030
24750
5073
85712697
998244353
33792
42755209
126720
2592
64152
8208
102060
170100
32768
43200
214573
805306368
112
11
62
491520
1680
160
256000
19656
18
957262828
163840
54600
252000
1620
126
77
63000
282791
2250
8320
36864
8100
21840
105000
5940
3456
170
68
567
61740
98304
25002
536870912
73728
5625
2707
150000
70235461
5346
4943
697106497
1584
193536
32640
8976
3375
49000
5304
26880
69888
9489
5808
6399199
104976
132300
20480
672
11664
6600
244944
16
35
91
8624
4
204120
33401221
633
15120
51
73
110
294912
38016
301056
16128
12240
9425
5616
15390
25490988
221184
673921
14400
640
998506315
1520
13860
13440
60480
48
248832
361
72000
72900
12672
1824
57
44800
64680
504
11264
108864
53940
641
40824
3024
34
32256
6804
34944
10240
288
12800
65
9
32000
24696
660
7040
20160
8000
101250
96228
70
27456
17280
118263990
23
9504
39936
69
989447237
360000
2310
2352
10800
986129769
11085765
474
23115571
168960
1728
7025
8087519
38400
49500
115
5600
1960
163296
52488
22680
630
20
127
345600
83160
55296
7128
236250
134400
67500
21383
45360
524288
2156
142560
432000
5040
18816
6720
57600
4488
82944
441
665
105840
31
916855204
124416
2000
589833267
6765
5250
3960
1001
118
8550
150528
165888
194241
20000
291600
5044
5361
1100
15876
113
4374
1
8960
136080
583200
23328
4800
7200
21952
10080
16000
164640
912
4608
129024
7390
576
3900
1764
89100
4914
5721
194400
9216
6840
420
9100
50544
144000
20328
116640
559
114688
38497
696
5297
186624
8372259
3312
28512
90720
103680
40
1249
1001604
3157819
135
2720
193
88
64512
7455307
14112
7296
1056
54432
43740
5376
2200
8015864
16464
725573
5520
241920
414720
49920
202500
3509575
4160
1671
262440
131220
30240
816
102
104
2403381
64922375
84000
1615
29
59136
621008
546
181440
5400
48384
95256
58054077
3528
100800
19800
994617
95
5280
331776
80640
24576
33108
11340
949106497
270000
938017885
24000
3564
1000000000
61440
524880
9180
94500
15750
9900
49392
35640
55
2400
182250
86
40960
64800
3780
110250
2
405
24192
94770
405000
76800
192000
63360
133650
2304
24480
28672
314928
124
106
257
29250
81648
12000
2430
3645
4320
32805
12096
33750
82268566
1000000
964532929
18240
300
552960
123
46080
11000
127008
216000
81000
14688
40320
78
7290
1741
169344
57624
17640
60000
2688
42105
5120
810
90
13
24300
8772
7680
13680
96000
8660
86400
98415
3
21504
12870
10260
8064
320
89
226800
142884
99840
118800
364500
85
19008
4675
362880
2736
96
655360
16524
12768
999999999
49896
460800
15400
110592
76
1530
29120
8826131
122880
9800
3371
25
6400
96768
5657
2730
4620
