Case #1: 6 2 3 5 7 11 13 
Case #2: 5 1 1 1 1 37 
Case #3: -1
Case #4: 7 1 1 1 1 1 2 34 
Case #5: 4 4 6 10 21 
Case #6: 16 1 1 1 1 1 1 1 1 1 1 1 1 1 1 5 22 
Case #7: -1
Case #8: 9 3 3 3 4 5 5 6 6 6 
Case #9: 7 4 4 5 5 7 8 8 
Case #10: -1
Case #11: 4 6 8 11 16 
Case #12: 9 3 3 4 4 4 4 5 5 9 
Case #13: 4 3 4 12 22 
Case #14: 5 4 6 7 8 16 
Case #15: 4 3 5 7 26 
Case #16: 5 1 7 10 10 13 
Case #17: 21 1 1 1 1 1 1 1 1 1 1 1 1 1 1 1 1 1 1 1 1 21 
Case #18: 5 1 1 1 3 35 
Case #19: 4 3 3 8 27 
Case #20: -1
Case #21: 24 1 1 1 1 1 1 1 1 1 1 1 1 1 1 1 1 1 1 1 1 1 1 1 18 
Case #22: 4 5 9 9 18 
Case #23: 7 3 3 5 5 5 6 14 
Case #24: 4 1 5 16 19 
Case #25: 4 5 9 11 16 
Case #26: 5 3 6 6 6 20 
Case #27: 3 9 14 18 
Case #28: 5 3 3 5 5 25 
Case #29: -1
Case #30: -1
Case #31: -1
Case #32: 7 2 3 7 7 7 7 8 
Case #33: 5 4 5 6 10 16 
Case #34: 8 3 3 3 5 5 6 6 10 
Case #35: -1
Case #36: 6 4 5 6 7 7 12 
Case #37: 5 3 8 9 9 12 
Case #38: -1
Case #39: 3 8 8 25 
Case #40: 7 4 4 4 5 8 8 8 
Case #41: 7 3 4 4 5 5 10 10 
Case #42: -1
Case #43: 6 3 6 6 7 9 10 
Case #44: 5 5 6 7 11 12 
Case #45: 6 1 1 1 3 11 24 
Case #46: 7 3 3 4 4 6 10 11 
Case #47: -1
Case #48: 5 6 6 9 10 10 
Case #49: 8 1 1 1 1 1 1 2 33 
Case #50: 8 3 4 4 4 4 5 7 10 
Case #51: -1
Case #52: 4 1 3 7 30 
Case #53: -1
Case #54: 5 1 4 9 13 14 
Case #55: 7 4 5 5 6 6 7 8 
Case #56: -1
Case #57: 9 3 3 3 3 3 5 6 6 9 
Case #58: 5 3 7 8 9 14 
Case #59: 7 3 4 5 7 7 7 8 
Case #60: 4 8 9 10 14 
Case #61: 8 2 4 4 4 4 6 7 10 
Case #62: 5 3 8 8 11 11 
Case #63: 4 2 6 16 17 
Case #64: 7 3 4 5 6 6 7 10 
Case #65: 8 4 4 4 4 4 4 5 12 
Case #66: 6 1 3 7 8 11 11 
Case #67: 13 1 1 1 1 1 1 1 1 1 1 1 5 25 
Case #68: -1
Case #69: 5 6 6 6 9 14 
Case #70: 4 3 8 11 19 
Case #71: 8 4 4 4 4 4 5 7 9 
Case #72: 5 6 7 8 8 12 
Case #73: 4 7 8 8 18 
Case #74: 4 5 10 10 16 
Case #75: -1
Case #76: -1
Case #77: 4 4 6 9 22 
Case #78: 3 5 17 19 
Case #79: 6 3 3 3 3 10 19 
Case #80: 5 3 5 5 8 20 
Case #81: 5 1 3 6 9 22 
Case #82: 8 3 3 3 3 6 6 7 10 
Case #83: 5 4 5 9 11 12 
Case #84: 6 4 4 5 6 9 13 
Case #85: 5 4 4 7 10 16 
Case #86: 6 3 3 3 5 10 17 
Case #87: 7 4 4 4 5 6 8 10 
Case #88: 6 3 3 4 8 11 12 
Case #89: -1
Case #90: 3 5 6 30 
Case #91: 4 5 6 10 20 
Case #92: 4 3 4 10 24 
Case #93: 8 3 4 4 4 5 6 6 9 
Case #94: 20 1 1 1 1 1 1 1 1 1 1 1 1 1 1 1 1 1 1 1 22 
Case #95: 3 11 12 18 
Case #96: 4 2 6 12 21 
Case #97: 4 6 7 10 18 
Case #98: 21 1 1 1 1 1 1 1 1 1 1 1 1 1 1 1 1 1 1 1 5 17 
Case #99: 5 4 5 7 10 15 
Case #100: 6 3 5 5 5 5 18 
Case #101: 6 5 5 6 7 9 9 
Case #102: 13 1 1 1 1 1 1 1 1 1 1 1 2 28 
Case #103: 8 4 4 4 4 4 6 6 9 
Case #104: 4 4 8 9 20 
Case #105: 4 10 10 10 11 
Case #106: 7 3 3 5 5 6 9 10 
Case #107: 10 1 4 4 4 4 4 4 4 4 8 
Case #108: 9 1 1 1 1 1 1 1 3 31 
Case #109: -1
Case #110: 5 3 3 6 12 17 
Case #111: 7 3 3 4 4 9 9 9 
Case #112: 6 4 4 5 5 7 16 
Case #113: 6 4 4 5 8 8 12 
Case #114: 6 3 3 6 6 9 14 
Case #115: 5 4 4 4 12 17 
Case #116: 4 4 8 8 21 
Case #117: 7 4 4 4 4 5 5 15 
Case #118: 6 3 6 6 6 9 11 
Case #119: 4 4 5 12 20 
Case #120: -1
Case #121: 9 3 3 3 3 3 5 5 6 10 
Case #122: 5 4 5 8 8 16 
Case #123: 4 7 8 12 14 
Case #124: 9 3 3 3 3 3 3 6 7 10 
Case #125: 7 3 3 4 5 7 7 12 
Case #126: -1
Case #127: 6 1 8 8 8 8 8 
Case #128: 7 3 3 5 6 6 9 9 
Case #129: 8 1 1 1 1 1 1 4 31 
Case #130: 4 2 3 16 20 
Case #131: -1
Case #132: -1
Case #133: 8 3 3 5 5 6 6 6 7 
Case #134: 6 1 1 4 7 8 20 
Case #135: 6 4 5 6 8 8 10 
Case #136: 7 1 1 1 5 5 11 17 
Case #137: 8 3 3 3 3 5 7 7 10 
Case #138: -1
Case #139: 6 4 5 5 6 7 14 
Case #140: 8 3 3 3 4 4 6 9 9 
Case #141: 4 2 4 10 25 
Case #142: 6 1 1 3 8 11 17 
Case #143: 8 3 5 5 5 5 5 5 8 
Case #144: 4 6 7 8 20 
Case #145: 7 4 4 4 5 5 7 12 
Case #146: 7 3 3 3 5 9 9 9 
Case #147: 6 2 5 7 7 10 10 
Case #148: 6 3 5 5 5 11 12 
Case #149: 6 1 4 4 4 8 20 
Case #150: 5 4 6 6 12 13 
Case #151: -1
Case #152: 7 3 4 4 5 5 6 14 
Case #153: 19 1 1 1 1 1 1 1 1 1 1 1 1 1 1 1 1 1 7 17 
Case #154: 9 3 4 4 4 4 4 4 4 10 
Case #155: 6 1 1 3 3 10 23 
Case #156: -1
Case #157: -1
Case #158: 7 4 5 6 6 6 7 7 
Case #159: 11 1 1 1 1 1 1 1 1 1 2 30 
Case #160: -1
Case #161: 4 7 8 11 15 
Case #162: -1
Case #163: 29 1 1 1 1 1 1 1 1 1 1 1 1 1 1 1 1 1 1 1 1 1 1 1 1 1 1 1 7 7 
Case #164: 4 4 5 6 26 
Case #165: 6 3 5 5 5 8 15 
Case #166: 3 1 17 23 
Case #167: 5 3 3 8 9 18 
Case #168: 5 4 6 6 9 16 
Case #169: 6 1 3 3 5 10 19 
Case #170: 6 2 3 3 5 13 15 
Case #171: 5 6 6 6 10 13 
Case #172: 9 2 3 4 4 4 4 4 8 8 
Case #173: 10 1 1 1 1 1 1 1 1 4 29 
Case #174: -1
Case #175: 5 4 4 5 8 20 
Case #176: 3 6 10 25 
Case #177: 6 2 3 3 3 3 27 
Case #178: 3 10 13 18 
Case #179: 5 1 3 7 8 22 
Case #180: 9 3 3 4 4 4 5 6 6 6 
Case #181: 7 5 5 5 5 5 8 8 
Case #182: 5 5 7 7 10 12 
Case #183: -1
Case #184: 6 4 5 6 6 8 12 
Case #185: 3 2 14 25 
Case #186: 6 3 4 4 7 9 14 
Case #187: 4 3 7 9 22 
Case #188: 6 2 3 5 5 5 21 
Case #189: 21 1 1 1 1 1 1 1 1 1 1 1 1 1 1 1 1 1 1 1 9 13 
Case #190: -1
Case #191: 10 3 3 3 3 3 4 4 4 5 9 
Case #192: 4 3 3 16 19 
Case #193: 4 3 8 12 18 
Case #194: -1
Case #195: -1
Case #196: 5 5 5 6 11 14 
Case #197: 41 1 1 1 1 1 1 1 1 1 1 1 1 1 1 1 1 1 1 1 1 1 1 1 1 1 1 1 1 1 1 1 1 1 1 1 1 1 1 1 1 1 
Case #198: 4 3 5 9 24 
Case #199: 6 4 5 6 6 9 11 
Case #200: 3 2 3 36 
Case #201: 3 7 12 22 
Case #202: 6 5 5 6 6 6 13 
Case #203: 4 7 7 9 18 
Case #204: 3 9 16 16 
Case #205: 6 4 4 6 6 6 15 
Case #206: 5 5 7 9 10 10 
Case #207: 12 1 1 1 1 1 1 1 1 1 1 1 30 
Case #208: 6 4 5 8 8 8 8 
Case #209: 4 8 8 9 16 
Case #210: 6 4 4 5 6 6 16 
Case #211: 5 2 7 7 7 18 
Case #212: 7 3 5 5 6 6 6 10 
Case #213: -1
Case #214: 8 3 3 3 5 5 5 7 10 
Case #215: 7 3 3 4 6 6 7 12 
Case #216: 7 2 3 5 5 7 8 11 
Case #217: -1
Case #218: 7 3 3 4 7 7 8 9 
Case #219: 13 1 1 1 1 1 1 1 1 1 1 5 7 19 
Case #220: 7 3 3 3 5 6 10 11 
Case #221: 5 4 7 7 9 14 
Case #222: 11 1 4 4 4 4 4 4 4 4 4 4 
Case #223: 7 3 4 4 5 5 9 11 
Case #224: 18 1 1 1 1 1 1 1 1 1 1 1 1 1 1 1 1 1 24 
Case #225: 3 10 10 21 
Case #226: 7 4 4 4 4 7 9 9 
Case #227: 7 3 4 4 6 6 6 12 
Case #228: -1
Case #229: 8 3 4 4 4 4 4 6 12 
Case #230: 5 3 3 4 5 26 
Case #231: 7 4 4 4 5 6 6 12 
Case #232: 7 3 3 4 5 5 9 12 
Case #233: -1
Case #234: 9 3 3 3 4 4 4 5 6 9 
Case #235: 8 3 4 5 5 6 6 6 6 
Case #236: 5 4 4 7 9 17 
Case #237: 6 1 1 1 2 17 19 
Case #238: -1
Case #239: 17 1 1 1 1 1 1 1 1 1 1 1 1 1 1 1 2 24 
Case #240: 7 4 5 5 5 6 6 10 
Case #241: 6 3 3 4 6 12 13 
Case #242: 6 3 4 4 6 9 15 
Case #243: 5 1 1 6 16 17 
Case #244: 23 1 1 1 1 1 1 1 1 1 1 1 1 1 1 1 1 1 1 1 1 1 3 17 
Case #245: 3 4 5 32 
Case #246: -1
Case #247: -1
Case #248: -1
Case #249: 6 3 3 5 9 9 12 
Case #250: 25 1 1 1 1 1 1 1 1 1 1 1 1 1 1 1 1 1 1 1 1 1 1 1 5 13 
Case #251: 21 1 1 1 1 1 1 1 1 1 1 1 1 1 1 1 1 1 1 1 3 19 
Case #252: 7 1 3 3 3 3 3 25 
Case #253: 6 4 4 4 6 9 14 
Case #254: 5 3 6 6 11 15 
Case #255: 6 3 3 7 9 9 10 
Case #256: -1
Case #257: 6 1 1 1 3 16 19 
Case #258: 4 3 7 12 19 
Case #259: 8 4 4 4 4 5 5 6 9 
Case #260: -1
Case #261: 5 3 7 7 8 16 
Case #262: 27 1 1 1 1 1 1 1 1 1 1 1 1 1 1 1 1 1 1 1 1 1 1 1 1 1 1 15 
Case #263: 9 3 4 4 4 4 4 4 5 9 
Case #264: 6 1 3 3 10 11 13 
Case #265: 7 4 4 4 4 6 7 12 
Case #266: -1
Case #267: 6 4 4 6 7 9 11 
Case #268: 7 2 3 4 4 7 8 13 
Case #269: 8 3 4 4 5 5 5 6 9 
Case #270: 6 4 5 5 8 8 11 
Case #271: 6 4 6 7 8 8 8 
Case #272: 6 3 4 4 8 11 11 
Case #273: 6 1 1 1 1 2 35 
Case #274: 5 8 8 8 8 9 
Case #275: 6 6 6 6 6 8 9 
Case #276: 6 4 5 5 6 9 12 
Case #277: 9 1 1 1 1 1 1 1 1 33 
Case #278: 5 1 4 7 13 16 
Case #279: 5 1 1 2 9 28 
Case #280: 4 4 4 9 24 
Case #281: 10 1 1 1 1 1 1 1 1 3 30 
Case #282: 3 5 18 18 
Case #283: 8 1 1 3 3 3 3 9 18 
Case #284: -1
Case #285: 6 1 2 7 7 8 16 
Case #286: 7 2 4 4 7 8 8 8 
Case #287: 6 3 3 8 9 9 9 
Case #288: 12 1 1 1 1 1 1 1 1 1 1 3 28 
Case #289: 4 1 1 5 34 
Case #290: 3 7 14 20 
Case #291: 3 5 12 24 
Case #292: 5 5 6 6 9 15 
Case #293: -1
Case #294: 8 3 3 4 4 6 6 6 9 
Case #295: 6 4 6 6 8 8 9 
Case #296: 6 3 3 5 7 10 13 
Case #297: 6 4 4 6 6 10 11 
Case #298: 7 3 3 3 6 6 9 11 
Case #299: 6 4 4 6 9 9 9 
Case #300: 5 3 4 8 13 13 
Case #301: 6 4 4 4 6 11 12 
Case #302: 38 1 1 1 1 1 1 1 1 1 1 1 1 1 1 1 1 1 1 1 1 1 1 1 1 1 1 1 1 1 1 1 1 1 1 1 1 1 4 
Case #303: 4 6 6 11 18 
Case #304: 5 2 3 5 8 23 
Case #305: 26 1 1 1 1 1 1 1 1 1 1 1 1 1 1 1 1 1 1 1 1 1 1 1 1 1 16 
Case #306: 13 1 1 1 1 1 1 1 1 1 1 3 7 21 
Case #307: 6 3 5 5 7 9 12 
Case #308: -1
Case #309: 7 3 5 6 6 6 6 9 
Case #310: 5 1 1 2 15 22 
Case #311: 4 8 8 10 15 
Case #312: 4 1 4 15 21 
Case #313: 8 3 3 3 3 3 5 10 11 
Case #314: -1
Case #315: 3 6 14 21 
Case #316: 5 5 5 8 8 15 
Case #317: 5 3 4 7 8 19 
Case #318: -1
Case #319: 5 4 7 10 10 10 
Case #320: -1
Case #321: 6 4 4 6 6 9 12 
Case #322: 4 2 5 12 22 
Case #323: 8 3 3 5 5 5 5 5 10 
Case #324: 3 1 3 37 
Case #325: 2 9 32 
Case #326: 29 1 1 1 1 1 1 1 1 1 1 1 1 1 1 1 1 1 1 1 1 1 1 1 1 1 1 1 1 13 
Case #327: 4 3 7 13 18 
Case #328: 7 1 1 1 1 1 3 33 
Case #329: 6 3 3 3 5 9 18 
Case #330: 6 3 5 7 7 9 10 
Case #331: -1
Case #332: 5 3 6 6 9 17 
Case #333: 5 5 6 6 6 18 
Case #334: -1
Case #335: 16 1 1 1 1 1 1 1 1 1 1 1 1 1 1 6 21 
Case #336: 4 3 5 6 27 
Case #337: 7 1 1 1 1 3 7 27 
Case #338: 5 5 5 5 8 18 
Case #339: 6 2 3 4 5 8 19 
Case #340: 8 1 3 3 5 5 7 7 10 
Case #341: 6 1 1 1 1 1 36 
Case #342: 4 6 10 10 15 
Case #343: 6 4 4 5 6 7 15 
Case #344: -1
Case #345: 13 1 1 1 1 1 1 1 1 1 1 7 11 13 
Case #346: 25 1 1 1 1 1 1 1 1 1 1 1 1 1 1 1 1 1 1 1 1 1 1 1 1 17 
Case #347: 6 4 4 6 8 8 11 
Case #348: -1
Case #349: 6 1 2 7 10 10 11 
Case #350: 7 3 4 5 5 5 8 11 
Case #351: 5 1 1 2 5 32 
Case #352: -1
Case #353: 6 5 5 5 5 5 16 
Case #354: 5 4 4 8 9 16 
Case #355: 5 4 6 6 11 14 
Case #356: 6 3 3 3 9 10 13 
Case #357: 6 4 5 6 6 6 14 
Case #358: -1
Case #359: 7 2 3 5 5 5 8 13 
Case #360: -1
Case #361: -1
Case #362: -1
Case #363: 7 3 3 4 4 5 9 13 
Case #364: -1
Case #365: 6 4 4 5 5 11 12 
Case #366: 5 5 9 9 9 9 
Case #367: 6 6 6 6 7 8 8 
Case #368: 7 4 4 4 6 7 8 8 
Case #369: 6 4 4 6 7 8 12 
Case #370: 4 3 8 9 21 
Case #371: -1
Case #372: 7 1 1 1 5 7 7 19 
Case #373: 5 6 8 8 8 11 
Case #374: 7 4 4 4 6 6 8 9 
Case #375: 5 3 5 6 6 21 
Case #376: 3 5 9 27 
Case #377: 6 6 6 6 6 6 11 
Case #378: 7 3 4 6 6 6 7 9 
Case #379: -1
Case #380: 5 4 4 9 11 13 
Case #381: 8 3 4 4 4 5 5 6 10 
Case #382: 6 4 4 5 6 10 12 
Case #383: 5 1 5 10 10 15 
Case #384: -1
Case #385: 5 1 2 5 16 17 
Case #386: 18 1 1 1 1 1 1 1 1 1 1 1 1 1 1 1 1 2 23 
Case #387: -1
Case #388: 33 1 1 1 1 1 1 1 1 1 1 1 1 1 1 1 1 1 1 1 1 1 1 1 1 1 1 1 1 1 1 1 1 9 
Case #389: 7 4 5 5 6 6 6 9 
Case #390: 5 7 7 8 9 10 
Case #391: 10 2 3 4 4 4 4 4 4 4 8 
Case #392: 8 2 3 3 3 5 5 5 15 
Case #393: -1
Case #394: 8 1 1 3 3 5 5 10 13 
Case #395: -1
Case #396: 8 1 1 3 7 7 7 7 8 
Case #397: 4 3 11 12 15 
Case #398: 8 4 4 4 4 5 6 6 8 
Case #399: 6 2 3 3 5 7 21 
Case #400: -1
Case #401: 5 4 5 6 11 15 
Case #402: 4 7 7 11 16 
Case #403: 6 3 4 4 8 9 13 
Case #404: 5 5 6 9 9 12 
Case #405: 5 4 4 4 8 21 
Case #406: 6 4 5 5 5 10 12 
Case #407: 4 3 3 10 25 
Case #408: 5 4 5 7 9 16 
Case #409: 4 2 11 14 14 
Case #410: -1
Case #411: 4 1 7 16 17 
Case #412: 8 1 1 1 1 1 3 7 26 
Case #413: 6 2 5 5 6 11 12 
Case #414: 8 3 4 4 4 4 5 5 12 
Case #415: 5 2 3 3 16 17 
Case #416: 15 1 1 1 1 1 1 1 1 1 1 1 1 1 2 26 
Case #417: 7 4 4 4 4 4 9 12 
Case #418: 4 5 8 8 20 
Case #419: 4 3 6 10 22 
Case #420: -1
Case #421: 6 1 1 1 7 9 22 
Case #422: -1
Case #423: -1
Case #424: 8 3 4 4 5 5 5 7 8 
Case #425: 8 3 3 3 3 3 8 9 9 
Case #426: 5 5 5 9 10 12 
Case #427: 5 2 7 7 10 15 
Case #428: 7 2 4 4 4 6 10 11 
Case #429: 37 1 1 1 1 1 1 1 1 1 1 1 1 1 1 1 1 1 1 1 1 1 1 1 1 1 1 1 1 1 1 1 1 1 1 1 1 5 
Case #430: 6 2 5 5 8 8 13 
Case #431: 8 2 3 4 5 5 7 7 8 
Case #432: -1
Case #433: -1
Case #434: 7 3 3 5 6 7 7 10 
Case #435: -1
Case #436: 9 2 3 4 4 4 4 5 7 8 
Case #437: 6 1 3 7 7 7 16 
Case #438: 7 4 4 4 5 5 5 14 
Case #439: 8 3 3 4 5 5 6 6 9 
Case #440: 6 3 5 7 7 8 11 
Case #441: 5 4 5 7 12 13 
Case #442: -1
Case #443: 8 3 4 4 6 6 6 6 6 
Case #444: -1
Case #445: -1
Case #446: -1
Case #447: 8 1 1 1 1 1 1 1 34 
Case #448: 5 5 6 7 8 15 
Case #449: 5 5 6 6 8 16 
Case #450: 5 4 5 7 7 18 
Case #451: 12 1 1 1 1 1 1 1 1 1 1 2 29 
Case #452: -1
Case #453: 7 4 4 4 6 7 7 9 
Case #454: 5 6 6 7 10 12 
Case #455: 5 4 5 6 8 18 
Case #456: 8 4 4 4 5 6 6 6 6 
Case #457: 10 3 3 3 3 3 3 3 3 8 9 
Case #458: 5 4 4 7 11 15 
Case #459: 5 3 3 11 12 12 
Case #460: 5 6 7 9 9 10 
Case #461: 6 3 3 5 9 10 11 
Case #462: 5 3 4 7 13 14 
Case #463: 6 3 4 5 5 8 16 
Case #464: 3 2 7 32 
Case #465: 5 5 5 6 10 15 
Case #466: 4 6 11 12 12 
Case #467: 5 2 7 8 8 16 
Case #468: 10 3 3 3 3 3 3 5 6 6 6 
Case #469: 6 1 3 5 5 9 18 
Case #470: 7 4 4 4 4 5 6 14 
Case #471: -1
Case #472: 6 4 4 4 8 9 12 
Case #473: 6 1 4 4 4 12 16 
Case #474: 5 2 5 5 14 15 
Case #475: 4 3 6 16 16 
Case #476: 19 1 1 1 1 1 1 1 1 1 1 1 1 1 1 1 1 1 4 20 
Case #477: 7 2 4 4 4 7 9 11 
Case #478: 5 3 6 9 11 12 
Case #479: 4 4 6 6 25 
Case #480: 4 3 5 12 21 
Case #481: 6 1 2 4 4 5 25 
Case #482: 7 3 3 3 3 6 10 13 
Case #483: -1
Case #484: -1
Case #485: 5 2 3 6 9 21 
Case #486: 6 1 4 4 5 13 14 
Case #487: 7 2 3 4 8 8 8 8 
Case #488: 6 4 5 5 5 6 16 
Case #489: 5 3 3 6 10 19 
Case #490: 4 4 7 10 20 
Case #491: 3 9 12 20 
Case #492: 5 2 3 9 9 18 
Case #493: -1
Case #494: 6 3 4 4 5 12 13 
Case #495: 4 3 3 3 32 
Case #496: 9 3 4 4 4 4 4 5 5 8 
Case #497: 6 4 5 5 6 6 15 
Case #498: 4 3 10 10 18 
Case #499: 4 5 5 7 24 
Case #500: 4 3 5 13 20 
Case #501: 6 2 7 8 8 8 8 
Case #502: 3 2 9 30 
Case #503: 5 3 4 8 9 17 
Case #504: 4 5 6 6 24 
Case #505: -1
Case #506: -1
Case #507: 4 3 9 11 18 
Case #508: 17 1 1 1 1 1 1 1 1 1 1 1 1 1 1 1 4 22 
Case #509: 3 7 10 24 
Case #510: 6 6 6 6 7 7 9 
Case #511: 4 1 1 1 38 
Case #512: -1
Case #513: 7 1 1 3 3 3 5 25 
Case #514: -1
Case #515: 4 5 7 11 18 
Case #516: 4 8 9 12 12 
Case #517: 5 6 6 6 8 15 
Case #518: 5 3 3 6 7 22 
Case #519: -1
Case #520: -1
Case #521: 4 4 9 14 14 
Case #522: 6 3 7 7 7 8 9 
Case #523: 5 5 7 8 8 13 
Case #524: 7 3 5 5 6 6 7 9 
Case #525: 22 1 1 1 1 1 1 1 1 1 1 1 1 1 1 1 1 1 1 1 1 7 14 
Case #526: 8 3 4 4 4 5 5 7 9 
Case #527: 5 1 1 11 14 14 
Case #528: -1
Case #529: 6 3 4 4 7 10 13 
Case #530: 6 3 3 5 7 8 15 
Case #531: -1
Case #532: 6 3 3 6 6 11 12 
Case #533: 36 1 1 1 1 1 1 1 1 1 1 1 1 1 1 1 1 1 1 1 1 1 1 1 1 1 1 1 1 1 1 1 1 1 1 1 6 
Case #534: 23 1 1 1 1 1 1 1 1 1 1 1 1 1 1 1 1 1 1 1 1 1 7 13 
Case #535: 5 5 8 8 10 10 
Case #536: 14 1 1 1 1 1 1 1 1 1 1 1 1 2 27 
Case #537: 4 2 8 10 21 
Case #538: -1
Case #539: 5 1 4 4 9 23 
Case #540: 8 2 4 4 5 5 5 6 10 
Case #541: -1
Case #542: 5 7 7 7 10 10 
Case #543: 6 3 5 5 6 6 16 
Case #544: 6 1 1 1 1 5 32 
Case #545: 6 4 6 6 6 8 11 
Case #546: 7 3 4 6 6 6 6 10 
Case #547: 2 5 36 
Case #548: 6 3 3 3 10 11 11 
Case #549: 4 5 9 12 15 
Case #550: 5 1 3 3 7 27 
Case #551: 7 5 5 5 5 6 6 9 
Case #552: 6 3 4 6 6 7 15 
Case #553: 5 3 6 7 12 13 
Case #554: 6 4 4 4 4 5 20 
Case #555: 6 4 6 6 6 7 12 
Case #556: 5 2 3 4 16 16 
Case #557: 6 4 4 8 8 8 9 
Case #558: 6 3 5 6 6 7 14 
Case #559: 3 8 9 24 
Case #560: 9 3 3 4 4 4 4 4 5 10 
Case #561: 5 1 10 10 10 10 
Case #562: 7 4 5 5 5 5 5 12 
Case #563: 9 1 1 1 1 1 1 3 5 27 
Case #564: 9 2 3 4 4 5 5 5 5 8 
Case #565: 3 12 14 15 
Case #566: 5 1 4 5 12 19 
Case #567: 7 4 6 6 6 6 6 7 
Case #568: 7 4 4 6 6 6 7 8 
Case #569: 15 1 1 1 1 1 1 1 1 1 1 1 1 1 3 25 
Case #570: 11 1 1 1 1 1 1 1 1 1 4 28 
Case #571: 3 10 11 20 
Case #572: 8 3 3 3 3 5 5 9 10 
Case #573: -1
Case #574: 25 1 1 1 1 1 1 1 1 1 1 1 1 1 1 1 1 1 1 1 1 1 1 1 3 15 
Case #575: 9 4 4 4 4 4 4 4 5 8 
Case #576: 4 4 10 11 16 
Case #577: 4 1 3 10 27 
Case #578: 6 3 4 4 5 11 14 
Case #579: 6 2 5 7 8 8 11 
Case #580: 4 3 7 7 24 
Case #581: 7 3 3 6 6 6 7 10 
Case #582: -1
Case #583: 4 4 4 6 27 
Case #584: 7 3 3 3 6 7 9 10 
Case #585: 3 6 16 19 
Case #586: 5 4 4 4 11 18 
Case #587: 7 3 3 4 4 4 10 13 
Case #588: 13 1 1 1 1 1 1 1 1 1 1 1 3 27 
Case #589: 8 4 4 4 4 4 5 6 10 
Case #590: 6 3 4 4 5 8 17 
Case #591: 6 3 4 6 6 6 16 
Case #592: 8 3 3 4 4 5 6 6 10 
Case #593: 31 1 1 1 1 1 1 1 1 1 1 1 1 1 1 1 1 1 1 1 1 1 1 1 1 1 1 1 1 1 1 11 
Case #594: 6 2 3 6 9 10 11 
Case #595: -1
Case #596: 5 2 7 7 9 16 
Case #597: 5 3 4 6 13 15 
Case #598: 5 2 4 8 11 16 
Case #599: 7 3 4 5 6 6 6 11 
Case #600: 4 5 7 9 20 
Case #601: 3 1 2 38 
Case #602: 4 1 2 14 24 
Case #603: 17 1 1 1 1 1 1 1 1 1 1 1 1 1 1 1 3 23 
Case #604: 5 1 4 4 8 24 
Case #605: -1
Case #606: 6 4 4 5 7 7 14 
Case #607: 8 2 3 4 4 4 8 8 8 
Case #608: -1
Case #609: -1
Case #610: 6 3 5 6 9 9 9 
Case #611: 5 4 4 6 6 21 
Case #612: 5 4 4 5 9 19 
Case #613: -1
Case #614: 6 4 5 5 9 9 9 
Case #615: -1
Case #616: 6 1 1 1 1 3 34 
Case #617: 5 4 4 6 10 17 
Case #618: 4 3 11 11 16 
Case #619: 7 4 5 5 5 6 8 8 
Case #620: -1
Case #621: 5 4 4 7 8 18 
Case #622: 8 4 4 4 4 4 4 8 9 
Case #623: -1
Case #624: 5 4 4 6 7 20 
Case #625: -1
Case #626: 21 1 1 1 1 1 1 1 1 1 1 1 1 1 1 1 1 1 1 1 11 11 
Case #627: -1
Case #628: -1
Case #629: 6 1 1 2 5 16 16 
Case #630: 5 1 1 1 6 32 
Case #631: 5 4 5 5 9 18 
Case #632: 5 6 6 8 8 13 
Case #633: 4 6 9 10 16 
Case #634: 5 1 1 1 2 36 
Case #635: -1
Case #636: 7 4 4 4 4 5 8 12 
Case #637: -1
Case #638: -1
Case #639: 6 3 4 5 6 7 16 
Case #640: 6 4 4 6 6 7 14 
Case #641: 5 5 6 8 8 14 
Case #642: 6 3 4 6 7 7 14 
Case #643: 5 6 7 8 10 10 
Case #644: 8 3 3 4 5 5 5 6 10 
Case #645: 5 6 6 6 7 16 
Case #646: -1
Case #647: 7 4 4 5 5 7 7 9 
Case #648: 5 3 3 3 5 27 
Case #649: -1
Case #650: 5 3 4 5 12 17 
Case #651: 7 5 5 6 6 6 6 7 
Case #652: 6 5 6 6 6 7 11 
Case #653: 7 4 4 4 4 5 10 10 
Case #654: 4 5 8 10 18 
Case #655: 16 1 1 1 1 1 1 1 1 1 1 1 1 1 1 1 26 
Case #656: -1
Case #657: 6 1 2 4 5 13 16 
Case #658: 7 4 4 5 6 6 7 9 
Case #659: 7 3 4 5 5 5 5 14 
Case #660: 4 2 3 4 32 
Case #661: 6 4 4 5 6 8 14 
Case #662: -1
Case #663: 16 1 1 1 1 1 1 1 1 1 1 1 1 1 1 4 23 
Case #664: 10 1 1 1 1 1 1 1 1 1 32 
Case #665: 5 4 5 6 6 20 
Case #666: -1
Case #667: 7 4 5 6 6 6 6 8 
Case #668: 6 5 5 5 6 8 12 
Case #669: 3 6 17 18 
Case #670: -1
Case #671: 7 1 4 4 8 8 8 8 
Case #672: 35 1 1 1 1 1 1 1 1 1 1 1 1 1 1 1 1 1 1 1 1 1 1 1 1 1 1 1 1 1 1 1 1 1 1 7 
Case #673: 7 3 4 4 6 6 9 9 
Case #674: 6 3 3 6 6 10 13 
Case #675: 3 3 16 22 
Case #676: 6 5 6 6 6 9 9 
Case #677: 5 3 3 4 13 18 
Case #678: 8 3 3 3 5 6 6 6 9 
Case #679: -1
Case #680: 5 5 5 6 12 13 
Case #681: 6 4 4 4 6 10 13 
Case #682: 10 1 1 1 1 1 1 1 1 2 31 
Case #683: 6 3 7 7 8 8 8 
Case #684: 25 1 1 1 1 1 1 1 1 1 1 1 1 1 1 1 1 1 1 1 1 1 1 1 7 11 
Case #685: 6 4 4 4 4 12 13 
Case #686: 9 1 1 1 1 1 1 1 7 27 
Case #687: 5 6 6 9 9 11 
Case #688: 3 4 9 28 
Case #689: 6 4 5 5 7 8 12 
Case #690: 5 3 5 7 8 18 
Case #691: 7 3 3 5 5 5 8 12 
Case #692: 2 2 39 
Case #693: 6 3 6 6 7 7 12 
Case #694: 4 6 6 9 20 
Case #695: 4 5 10 11 15 
Case #696: 6 2 3 5 5 11 15 
Case #697: -1
Case #698: 7 5 5 5 6 6 6 8 
Case #699: 4 4 5 11 21 
Case #700: -1
Case #701: 5 1 4 5 5 26 
Case #702: 7 3 4 4 4 7 7 12 
Case #703: 8 3 4 4 4 4 7 7 8 
Case #704: 4 3 7 8 23 
Case #705: 7 3 4 4 4 5 10 11 
Case #706: 6 5 5 5 7 9 10 
Case #707: 6 3 3 7 7 10 11 
Case #708: 7 4 4 4 4 5 9 11 
Case #709: -1
Case #710: 7 3 5 5 5 5 6 12 
Case #711: 13 1 1 1 1 1 1 1 1 1 1 1 4 26 
Case #712: 6 5 6 7 7 8 8 
Case #713: 5 6 6 8 10 11 
Case #714: 6 2 3 7 8 8 13 
Case #715: -1
Case #716: 16 1 1 1 1 1 1 1 1 1 1 1 1 1 1 2 25 
Case #717: 4 2 9 12 18 
Case #718: 7 3 3 6 6 7 7 9 
Case #719: 5 6 6 7 9 13 
Case #720: 7 3 4 5 5 6 9 9 
Case #721: -1
Case #722: 27 1 1 1 1 1 1 1 1 1 1 1 1 1 1 1 1 1 1 1 1 1 1 1 1 1 5 11 
Case #723: -1
Case #724: 8 3 5 5 5 5 6 6 6 
Case #725: 5 3 4 8 8 18 
Case #726: 6 5 5 5 5 9 12 
Case #727: 6 3 5 6 6 6 15 
Case #728: -1
Case #729: 39 1 1 1 1 1 1 1 1 1 1 1 1 1 1 1 1 1 1 1 1 1 1 1 1 1 1 1 1 1 1 1 1 1 1 1 1 1 1 3 
Case #730: 4 5 5 10 21 
Case #731: 5 3 3 4 12 19 
Case #732: 5 2 6 7 11 15 
Case #733: 17 1 1 1 1 1 1 1 1 1 1 1 1 1 1 1 1 25 
Case #734: 7 4 4 4 4 8 8 9 
Case #735: 7 3 4 4 7 7 8 8 
Case #736: 7 1 1 1 1 1 4 32 
Case #737: -1
Case #738: 5 3 4 11 11 12 
Case #739: 9 1 1 1 1 1 1 1 4 30 
Case #740: -1
Case #741: -1
Case #742: -1
Case #743: 5 3 6 7 7 18 
Case #744: 7 5 6 6 6 6 6 6 
Case #745: -1
Case #746: 4 7 9 10 15 
Case #747: 4 7 8 10 16 
Case #748: 3 6 11 24 
Case #749: 6 5 5 6 7 8 10 
Case #750: 7 3 3 4 5 5 10 11 
Case #751: 3 7 7 27 
Case #752: 6 2 3 4 8 8 16 
Case #753: 6 3 5 6 6 10 11 
Case #754: -1
Case #755: -1
Case #756: 11 1 1 1 1 1 1 1 1 1 5 27 
Case #757: 11 1 1 1 1 1 1 1 1 1 3 29 
Case #758: -1
Case #759: 5 2 3 9 10 17 
Case #760: -1
Case #761: 8 3 4 4 4 4 4 9 9 
Case #762: -1
Case #763: 22 1 1 1 1 1 1 1 1 1 1 1 1 1 1 1 1 1 1 1 1 1 20 
Case #764: 14 1 1 1 1 1 1 1 1 1 1 1 1 1 28 
Case #765: 6 4 4 4 9 9 11 
Case #766: 6 6 6 6 6 7 10 
Case #767: -1
Case #768: 6 4 4 4 7 7 15 
Case #769: 4 6 6 10 19 
Case #770: 2 20 21 
Case #771: 8 2 4 4 4 4 7 7 9 
Case #772: 4 1 1 2 37 
Case #773: -1
Case #774: -1
Case #775: 4 3 7 10 21 
Case #776: 7 1 1 1 1 1 1 35 
Case #777: 6 5 5 6 6 9 10 
Case #778: 6 3 3 7 8 9 11 
Case #779: -1
Case #780: 8 3 3 4 4 5 5 7 10 
Case #781: -1
Case #782: 5 2 4 5 5 25 
Case #783: 4 1 1 3 36 
Case #784: 8 3 3 3 4 6 6 7 9 
Case #785: 6 5 6 6 6 8 10 
Case #786: 6 5 6 6 8 8 8 
Case #787: 2 1 40 
Case #788: 4 3 5 15 18 
Case #789: 4 1 1 7 32 
Case #790: 6 5 5 6 6 7 12 
Case #791: 10 3 3 3 3 3 3 3 3 7 10 
Case #792: 6 4 4 4 5 8 16 
Case #793: 4 4 11 12 14 
Case #794: 3 3 6 32 
Case #795: 6 5 6 6 6 6 12 
Case #796: -1
Case #797: 5 6 6 6 11 12 
Case #798: 4 2 4 14 21 
Case #799: -1
Case #800: 6 3 6 6 6 6 14 
Case #801: 6 3 3 5 5 12 13 
Case #802: 8 3 3 4 4 4 6 7 10 
Case #803: 5 3 5 6 11 16 
Case #804: 5 2 3 5 11 20 
Case #805: 6 3 5 7 7 7 12 
Case #806: -1
Case #807: 3 8 12 21 
Case #808: 5 3 5 8 12 13 
Case #809: 3 2 6 33 
Case #810: 9 1 1 1 1 1 1 1 2 32 
Case #811: 6 1 3 3 3 5 26 
Case #812: -1
Case #813: 4 4 4 13 20 
Case #814: 4 2 7 8 24 
Case #815: 5 6 6 7 7 15 
Case #816: 15 1 1 1 1 1 1 1 1 1 1 1 1 1 5 23 
Case #817: -1
Case #818: 7 2 3 4 4 4 8 16 
Case #819: -1
Case #820: 8 2 3 4 4 4 5 8 11 
Case #821: -1
Case #822: -1
Case #823: 10 3 3 3 3 3 3 3 5 5 10 
Case #824: 4 9 10 10 12 
Case #825: 7 1 1 1 1 1 17 19 
Case #826: -1
Case #827: 8 4 4 5 5 5 6 6 6 
Case #828: 6 3 5 5 5 7 16 
Case #829: 4 5 10 12 14 
Case #830: 5 6 6 8 9 12 
Case #831: 5 1 3 5 5 27 
Case #832: 11 1 1 1 1 1 1 1 1 1 1 31 
Case #833: 7 3 4 4 6 7 7 10 
Case #834: 5 3 5 5 10 18 
Case #835: 6 1 3 3 7 10 17 
Case #836: 5 5 6 9 10 11 
Case #837: -1
Case #838: -1
Case #839: 4 5 6 8 22 
Case #840: 5 3 5 6 13 14 
Case #841: -1
Case #842: 19 1 1 1 1 1 1 1 1 1 1 1 1 1 1 1 1 1 5 19 
Case #843: -1
Case #844: 7 4 4 5 5 6 7 10 
Case #845: 5 1 1 3 17 19 
Case #846: -1
Case #847: -1
Case #848: 7 3 4 4 4 5 8 13 
Case #849: -1
Case #850: -1
Case #851: -1
Case #852: 6 3 3 4 4 10 17 
Case #853: 8 4 4 4 5 5 5 5 9 
Case #854: 6 2 3 4 7 8 17 
Case #855: -1
Case #856: -1
Case #857: -1
Case #858: -1
Case #859: -1
Case #860: 3 10 15 16 
Case #861: 3 11 13 17 
Case #862: 4 3 8 13 17 
Case #863: 7 3 3 4 7 7 7 10 
Case #864: 4 5 6 15 15 
Case #865: 5 6 8 8 9 10 
Case #866: 6 2 4 5 5 12 13 
Case #867: 7 3 4 5 5 6 6 12 
Case #868: 5 1 1 1 19 19 
Case #869: 7 3 4 4 4 7 8 11 
Case #870: 8 3 3 3 3 3 3 10 13 
Case #871: 5 1 2 7 10 21 
Case #872: 4 6 8 8 19 
Case #873: 7 2 4 5 7 7 8 8 
Case #874: 5 4 4 6 9 18 
Case #875: 6 2 4 4 9 11 11 
Case #876: 28 1 1 1 1 1 1 1 1 1 1 1 1 1 1 1 1 1 1 1 1 1 1 1 1 1 1 1 14 
Case #877: 7 1 1 1 1 2 9 26 
Case #878: 6 2 4 4 7 8 16 
Case #879: -1
Case #880: 3 1 10 30 
Case #881: 7 3 4 4 5 5 8 12 
Case #882: 7 4 4 4 6 6 7 10 
Case #883: 9 3 3 3 4 4 5 5 5 9 
Case #884: 5 3 3 6 13 16 
Case #885: 6 1 4 5 5 10 16 
Case #886: -1
Case #887: 6 3 3 5 7 11 12 
Case #888: 6 3 5 5 7 8 13 
Case #889: 5 4 7 7 7 16 
Case #890: 4 6 8 9 18 
Case #891: 4 3 5 8 25 
Case #892: 4 2 5 7 27 
Case #893: 6 4 6 6 7 8 10 
Case #894: 13 1 1 1 1 1 1 1 1 1 1 1 1 29 
Case #895: 5 5 5 5 10 16 
Case #896: 19 1 1 1 1 1 1 1 1 1 1 1 1 1 1 1 1 1 3 21 
Case #897: 9 3 3 3 3 4 4 5 7 9 
Case #898: 5 4 4 5 14 14 
Case #899: 32 1 1 1 1 1 1 1 1 1 1 1 1 1 1 1 1 1 1 1 1 1 1 1 1 1 1 1 1 1 1 1 10 
Case #900: 5 5 5 6 9 16 
Case #901: 9 3 3 3 3 3 4 4 9 9 
Case #902: 5 5 6 8 10 12 
Case #903: 9 3 3 3 3 5 6 6 6 6 
Case #904: -1
Case #905: 5 6 7 7 9 12 
Case #906: 6 5 5 6 6 8 11 
Case #907: 6 3 5 6 6 9 12 
Case #908: 34 1 1 1 1 1 1 1 1 1 1 1 1 1 1 1 1 1 1 1 1 1 1 1 1 1 1 1 1 1 1 1 1 1 8 
Case #909: 6 4 5 5 7 10 10 
Case #910: 4 1 4 11 25 
Case #911: 6 5 5 5 6 6 14 
Case #912: 4 7 10 10 14 
Case #913: 4 1 11 14 15 
Case #914: 5 5 8 8 8 12 
Case #915: 4 4 5 16 16 
Case #916: -1
Case #917: 20 1 1 1 1 1 1 1 1 1 1 1 1 1 1 1 1 1 1 2 21 
Case #918: 4 1 6 7 27 
Case #919: 5 3 5 5 6 22 
Case #920: 9 2 4 4 4 4 4 4 6 9 
Case #921: 5 4 6 7 9 15 
Case #922: 4 8 10 11 12 
Case #923: 7 4 4 5 5 5 6 12 
Case #924: -1
Case #925: -1
Case #926: 4 4 6 7 24 
Case #927: 7 3 3 5 6 6 6 12 
Case #928: 8 3 3 5 6 6 6 6 6 
Case #929: 5 3 3 3 7 25 
Case #930: 19 1 1 1 1 1 1 1 1 1 1 1 1 1 1 1 1 1 1 23 
Case #931: 6 1 1 5 5 13 16 
Case #932: 6 4 4 4 7 9 13 
Case #933: 19 1 1 1 1 1 1 1 1 1 1 1 1 1 1 1 1 1 2 22 
Case #934: 5 2 3 8 11 17 
Case #935: -1
Case #936: 6 3 3 7 7 9 12 
Case #937: 4 2 7 16 16 
Case #938: 5 3 5 7 10 16 
Case #939: 4 4 6 13 18 
Case #940: 6 2 3 3 6 11 16 
Case #941: 7 4 4 5 6 6 8 8 
Case #942: 8 3 4 4 5 6 6 6 7 
Case #943: -1
Case #944: 7 3 4 4 4 5 9 12 
Case #945: 8 1 1 1 1 1 3 16 17 
Case #946: 8 2 4 4 5 5 5 8 8 
Case #947: -1
Case #948: 7 4 4 6 6 6 6 9 
Case #949: 6 4 6 6 7 9 9 
Case #950: 8 3 4 4 5 5 5 5 10 
Case #951: 6 3 4 6 6 9 13 
Case #952: 40 1 1 1 1 1 1 1 1 1 1 1 1 1 1 1 1 1 1 1 1 1 1 1 1 1 1 1 1 1 1 1 1 1 1 1 1 1 1 1 2 
Case #953: 4 1 3 8 29 
Case #954: -1
Case #955: 4 1 7 9 24 
Case #956: 4 1 5 17 18 
Case #957: 6 5 5 7 8 8 8 
Case #958: 8 3 4 4 4 4 6 6 10 
Case #959: 3 6 15 20 
Case #960: 6 2 3 4 8 11 13 
Case #961: 4 5 8 12 16 
Case #962: 8 1 1 1 1 1 1 3 32 
Case #963: -1
Case #964: 5 1 4 7 8 21 
Case #965: 6 3 4 7 8 8 11 
